0.7965631375468164
0.8143710762314061
0.8038130310905142
0.7620132922504345
0.712233324259185
0.6680512527547845
0.6215558308305166
0.5796828799700181
0.5193619129310707
0.4310909372974095
0.8773875991334807
0.9043537988984508
0.9127497199937843
0.9140500332242892
0.8788550102307313
0.8227190411153622
0.7701634686010278
0.7140939937063562
0.663431984198777
0.6131056668331727
0.5646333908790793
0.5243999067608948
0.4479445338866388
0.9618224423097324
0.9740294846758897
0.9835607910279273
0.9937834279682051
0.9957425031766927
0.9815063609516547
0.9244019191908979
0.8649124117395719
0.7998838195626014
0.7407364754861955
0.6819169406286635
0.625249388074014
0.5782546989642817
0.44855329375300435
1.0396431419624992
1.0622081873468576
1.0671688935145025
1.07403630827624
1.0754385510755733
1.0729305517050847
1.0260554680611222
0.9616389419698596
0.8877817954834415
0.8197447551215608
0.751888937788032
0.6864739927328726
0.6322757152222775
0.5774297848780691
1.1486944003556783
1.1617970127980501
1.1713912253015435
1.1806757015142875
1.1820442530880735
1.1700787101653907
1.1087516298744888
1.0238783496892205
0.9422121055990063
0.8598575640439184
0.7802424784791491
0.7143572795180492
0.6477748592025363
0.5894126090750108
1.2224491872854337
1.2354551769288846
1.2449581930116942
1.2529255638228134
1.2540081592131533
1.2532672852596587
1.2147620333050881
1.127194156671857
1.0360880798367746
0.9424715063028034
0.8515677642057774
0.776330474377626
0.7003800598374903
0.6338725491532428
1.1902736483176313
1.0944365631912212
0.9939628732723674
0.8958890841660461
0.8146702750331414
0.6610286770060607
1.3074373936369368
1.330346561990988
1.3350485844299949
1.3315143891406507
1.2599969490853271
1.1607614922265075
1.0528562692407875
0.9465382518756905
0.858352033754989
0.7694254840794607
0.6916739438498818
1.3558484995440776
1.376357933863663
1.379588628073099
1.3402952157881245
1.2421484143228332
1.1262376779179286
1.0097402030331124
0.9127144617877709
0.8148771494444474
0.7294176397348148
0.6469639493166274
1.390773919412539
1.4085588097908064
1.4114845436620733
1.3934519424830498
1.3073664691040685
1.1868370324370792
1.062226518518281
0.9577951708411757
0.8524153328820473
0.76041431489473
0.6717884585021918
1.4392444748564304
1.440963293776748
1.4372375155984856
1.4239567534546809
1.3751476126996032
1.3339541625966351
1.2534699941118022
1.1206189014968837
1.0079777817793787
0.894052110754703
0.7946585718068917
0.6990343864820022
1.4513496133746786
1.464736251581844
1.4619406505069235
1.435320968762445
1.3200992339636979
1.1805979592270963
1.0597252782694362
0.9369375024932107
0.8298793573421371
0.7268133726515219
1.4871025238335855
1.4854539836220026
1.4809621275773697
1.4594610431591235
1.4469860616466672
1.3989456610683888
1.3356734103579624
1.2561672587152062
1.125736791561486
0.9916690256437134
0.8744058425218887
0.7619133580398928
1.4981606316839224
1.4955862575030714
1.4853382530744728
1.4614801068540042
1.4282839205214062
1.3781008409168651
1.32688749871108
1.1894755312602978
1.044878145623271
0.9178538857821825
0.7957424845171117
0.8004852146131239
0.7977193853936833
0.8879175361462326
0.8990286432101272
0.8744474934480652
0.9751541581662275
0.9720427512241666
1.0543746106158045
1.0205723343449415
1.15007392708542
1.1543610951574124
1.103732497475073
1.225440848173961
1.2041142684290018
1.23548422076538
1.2575142000132908
1.2835576040306522
1.3038685450487442
1.2521163087216338
1.3280079861512741
1.3466332805479582
1.325736337303765
1.373817687675951
1.3710822078377725
1.300218827785829
1.3628581227511796
1.4032301172543529
1.4261066266832534
1.4140200426824474
1.3141979381188553
1.4423068158367494
1.3872051761451354
1.438711242111038
1.3209380551979
0.7344328415554645
0.7501226340286066
0.7973036190215678
0.8141190893104691
0.824261925341746
0.8915436103891724
0.9096584006991906
0.919977449144018
0.9238449052975126
0.9207970051766737
0.9881490705055463
1.0067874835932005
1.0165953960877525
1.0193345704658359
1.0138300949195886
0.9868720476306765
1.0548200265189887
1.0732414957887053
1.0826014926388001
1.0843990877922347
1.0839429826448355
1.0814805048500389
1.076732123039991
1.0624020712140896
1.0445326174833627
1.117445536196084
1.1358330244093449
1.1438316866162395
1.1435333067685016
1.139993924826555
1.1340608357025121
1.1165957726653195
1.096869335532296
1.0562915512672069
1.0149030588051249
0.9317491795436091
0.8932835574481016
0.8376786647862204
1.1885164172964937
1.205243398423037
1.2114263900176283
1.211218644062655
1.2084422767197387
1.202166443450902
1.1957938127975978
1.1743767157911347
1.1513722591777418
1.1115009608936504
1.0579202643702856
1.0205227321166528
0.9654095274756306
0.9210700896227414
0.8607592157793325
1.2276934845287784
1.2428330917374248
1.247658774208643
1.2428695720900629
1.2365839122176718
1.2274968937750723
1.2035626659452983
1.1782704992323478
1.1284879079023264
1.0777038255394933
1.0371768504635253
0.9780467897774078
0.9323139877571384
0.8672118452655233
1.269002989468633
1.281660535059172
1.2841646021828999
1.2765370823378384
1.2578827312924359
1.2028548608395873
1.093664870155351
0.9860064661686395
0.8675820581207343
1.3003061469221273
1.304852655090205
1.3006409976611388
1.2862407454571503
1.273081512508977
1.2439244463089638
1.212568644960107
1.1554438638968756
1.0970247740066357
1.058951681272742
0.9836387795618423
0.9354269225264527
0.8606159274932833
1.3165128882367525
1.323571164594603
1.3204567894134869
1.306789747459501
1.2935057473754603
1.282335446499143
1.2493217588684107
1.2148835665111506
1.1486482600339392
1.0891246787600322
1.0359251629785806
0.969663001602434
0.9118257846695718
0.8392253303012106
1.322941789802514
1.3270974713593051
1.3216563135988542
1.3053417422522655
1.292142397979129
1.2762231262738328
1.2402801730098856
1.2055308263497233
1.138687753907934
1.0737399095602518
1.0326737332738567
0.9487772725162108
0.8909454633217229
0.8148189366320236
0.7118633950695221
0.7285608885680891
0.7716601162603913
0.7894971954253374
0.7996381789393581
0.8609231317743822
0.8797686288965437
0.8898087354084678
0.8844907959158678
0.9515417459736907
0.9712582449913705
0.977771863042808
0.9801738037692509
0.9707589696451225
1.0140612935127828
1.0327894329867202
1.0383057616833706
1.041010468638646
1.0380924345222167
1.027747168171102
1.0001555732009682
0.9663831294402184
1.0719100964409431
1.0904542208062915
1.095370513190549
1.09705059358697
1.0915613166000873
1.0794008857312218
1.0469811546491838
1.009706210833737
0.9300359374600954
0.8371882241320479
1.1368023598860189
1.1534700199145382
1.157516371900721
1.1575567048647897
1.1487781360212523
1.133473830926353
1.1011477128720135
1.052645295181554
0.9636749740501187
0.8602683279315622
1.1723521454793626
1.1869345001553708
1.1896188192875956
1.1889289119675133
1.1778185162339556
1.160305170875529
1.1189297197158927
1.0724383395231052
0.9763420167067863
1.2086413092185113
1.2207188417484387
1.2194309488932917
1.1849875189394172
1.0884459241917774
0.9843377781348501
0.8671201122091675
1.235581983954589
1.239047700227117
1.239133942811459
1.235076589392139
1.2184902534093403
1.1951500557568375
1.1461392735943765
1.091945057197466
0.9820334359217985
0.8601723214446824
1.2473912755004322
1.2530835823698967
1.2502096765032376
1.24528299186912
1.2246653468257638
1.1980033658422757
1.140051442203433
1.0843225951992463
0.996213959479992
0.9681492938980373
0.8388165101341788
1.25012262235502
1.2529327869848603
1.2489142814119722
1.2409854384963739
1.2169223102534823
1.189269030691175
1.1302409392162627
1.0691510398795405
0.9473602721687677
0.8144417903930952
