0.7907385816657287
0.8083165408945111
0.7975018992199141
0.7557261165258461
0.7060360386449878
0.6619525673282046
0.6155690695659275
0.5737966539626405
0.513499705915414
0.42536013740443185
0.8706310144877386
0.8972680644392463
0.9055155839632492
0.9066523288233148
0.8713794939229644
0.8153433526742679
0.762920281807362
0.7070108597142345
0.6564973805892086
0.6063058933438137
0.5578311099124734
0.5177097649554039
0.44145696890834935
0.9540240579873516
0.9660793008667112
0.975478793326287
0.9855231568380715
0.9874324827134389
0.97294971503347
0.9159084673204116
0.8565788404732556
0.7917570268380799
0.7328110248526748
0.6741801332527848
0.6175688275285642
0.5707376569489163
0.4414853606066865
1.0308043242487475
1.053049002584979
1.0579229012452924
1.0646293673982532
1.0659475997835026
1.0633454805545433
1.0164172081936733
0.9521677641854918
0.8785719302787208
0.8107878117625608
0.743181966056619
0.6778942679869852
0.6239192228262134
0.5693015386223129
1.138250840153184
1.1511549609967267
1.1605811815112523
1.169640132153827
1.1709569873140464
1.1587621427884676
1.0975080882601127
1.012945958952964
0.9316253697414897
0.8496222573093605
0.7702675314626861
0.7047112208872721
0.6384698934057993
0.5804175218174296
1.2107963028795605
1.223589023436092
1.2329087622300474
1.240652886482025
1.2416690757340936
1.2408297061866478
1.202208564607092
1.114926185278995
1.0242331341146316
0.9310746032709651
0.8405207500967935
0.7657029130073911
0.6901902210388293
0.6240825411753951
1.1771919755523144
1.0817864834306128
0.9818271597069845
0.8841724738358198
0.8034331827499014
0.650753103903259
1.2942499809467731
1.3166626311397556
1.3211167985255425
1.3174676264361425
1.2459908333714165
1.1472019804087874
1.0398718312401753
0.9340533411368066
0.8464189278893369
0.7580716920213165
0.6808435547539069
1.3416445992609796
1.3616874844128914
1.3646538449232406
1.325197040345124
1.2274636915823067
1.112191538425287
0.9962935919387766
0.899913634606173
0.8027567226719827
0.7179124261844985
0.6361004747312765
1.3757768337061118
1.3931309402795662
1.3957827425771396
1.3775970621050257
1.2917748447497928
1.1719090344725411
1.0479789836401956
0.9442735231479039
0.8396618647578686
0.748366489804679
0.6604557564364283
1.4229765666213976
1.4244882423050096
1.4206592842932624
1.4073067570868296
1.3586038822840916
1.317597505644707
1.2375684811785472
1.105477830718707
0.9936527237798021
0.8805960679246017
0.7820018260060815
0.6871878414715336
1.4347078982577495
1.4476341439629716
1.4446076640933396
1.4179222843192594
1.3032579447837211
1.1645373865512978
1.0445715250552288
0.9227586387374418
0.8166007248211766
0.7144459722474272
1.4691204810691358
1.4673144003618996
1.4627463484180796
1.4411968750912603
1.4287694530197157
1.3809035636319162
1.317895152757721
1.2389456205819651
1.1095254811823954
0.9765693057126905
0.8603393289702084
0.7488911624005334
1.4794008311866753
1.476702822303138
1.4663675796422477
1.4424840912589993
1.4093741398123067
1.3594365275704567
1.3085757991719424
1.1722423647268592
1.0288845978081909
0.90302093411346
0.7820922528997236
0.7944672461969337
0.7914559605789978
0.8808814178360823
0.8917536289935928
0.8670100029650748
0.9669548539140765
0.9635705488148925
1.0449606595910494
1.0109874256963378
1.139300168766112
1.1432035768936386
1.0925423762605104
1.213294368266502
1.1916769435656724
1.2232353863201504
1.2443946690796845
1.270385802391287
1.2901318481784294
1.2382034585502384
1.313888535181811
1.3319500454150615
1.3108132826575618
1.358563995076652
1.3554998653615502
1.284718571050212
1.346473109886427
1.3870571421330955
1.4092404780849146
1.3968990827626466
1.297437660013268
1.4244293516306217
1.3693260608906785
1.4200347980341985
1.302714224716099
0.7288363895815114
0.7443432364542968
0.7909518316632341
0.8075571797957758
0.8175405138860639
0.8839594092660941
0.9018247870440113
0.9119566236069797
0.9156767904662245
0.9125296727738937
0.9791566129827253
0.9975060737258146
1.0071060756171872
1.0096750150499008
1.0040689987946376
0.9770683442001398
1.0447518782838996
1.062859145197357
1.0719888924650252
1.0736735369761417
1.073162537531215
1.0706405214128512
1.065848993762722
1.051485102820128
1.0336313506066706
1.1062652635464574
1.1243062137255393
1.132073037178873
1.1315983911953365
1.128001792205961
1.1220253196432568
1.104549838236596
1.0848543537309923
1.0444050667605318
1.0031902788693874
0.920390767295838
0.8820422522947159
0.826713657290327
1.1759124663583884
1.192283313682508
1.1982184017767197
1.1979216591774646
1.195082343046354
1.1887307666486744
1.1823377647118891
1.160935117876688
1.1379874022127372
1.0982727202053737
1.0449517431092636
1.0076839895618805
0.952822423646297
0.9087520928525088
0.8488142096216851
1.2141914043996653
1.2289684605810287
1.2335509558278257
1.2286030776891401
1.2222738914868712
1.2131658597157324
1.1892824909325739
1.1640575060302212
1.1144263030148105
1.0639096925414706
1.023579428527264
0.9648226915678568
0.9193882925022038
0.8547278675088472
1.2545213290704824
1.2667056929000107
1.2689640123963792
1.2612060049617946
1.242514874240347
1.1876601542567584
1.0789829588221218
0.9720637785531474
0.8545145580492725
1.284714148649395
1.2889161344951034
1.2846064125897698
1.2701335301230472
1.2569902119310468
1.2278745428042093
1.196623005303432
1.1398145488328408
1.0817938990553813
1.044015937303312
0.9692475202293768
0.9214144127952849
0.8472016707630791
1.3000700015458486
1.3068011114422153
1.3035315822775657
1.2896540897378665
1.2763582314765272
1.2651974582814973
1.2323218610521336
1.198090711272966
1.132311494787299
1.0732447111010675
1.0204770963059397
0.954762695389191
0.8974336413758595
0.8254857213207808
1.305788221825713
1.3095619487217012
1.3039518243021475
1.2875691769584612
1.2743966063266299
1.2585417669567998
1.222795596552141
1.1882775055790433
1.1219397292872986
1.0575312631548166
1.0168112597477248
0.9336676572386716
0.8763767111417162
0.8009832465418372
0.7063152532858632
0.722808884762543
0.7653712133658114
0.7829751262610023
0.7929313100279708
0.8534301712699649
0.8720003850180582
0.8818271846562401
0.8762983049417389
0.9426833938115213
0.9620730265121744
0.9684376655242799
0.9707503190981166
0.9611223591585273
1.0041545745918752
1.0225434859928264
1.02792055954093
1.030506834805493
1.027438225427997
1.01703033745668
0.9894422678732177
0.9557639761319756
1.060934500107056
1.0791059678345205
1.0838754799711239
1.0854309522469776
1.0798015700755508
1.0675885566216785
1.0352059682067778
0.9980572660233965
0.9186997978665429
0.8262300617456064
1.1244633981668564
1.1407434463102133
1.1446133559586835
1.1445605512301675
1.1356432000929477
1.1203113723997453
1.088052278763328
1.0397460447883489
0.9511120194274626
0.8483306240423676
1.159157738844138
1.1733562638736585
1.1758913434856408
1.1750804776300958
1.163865520706704
1.1463246087189831
1.1049977962767652
1.0587163651001783
0.9631426206640317
1.194407878122136
1.206108966067493
1.2045685789648644
1.1700356435911097
1.0738390434456868
0.970420420563675
0.8540601083327555
1.2204129987429646
1.223810580776073
1.2236779873393389
1.2195031403138463
1.2027933986410797
1.179450109983397
1.1306448199423986
1.0767898172951271
0.9676674177231077
0.8467655237561843
1.231416933392486
1.2367057116241282
1.2336762942056385
1.2286770295646048
1.2080251264034576
1.1814606646894474
1.1238457915997826
1.068517743478825
0.9811094793332513
0.9532739951058199
0.8250843394344137
1.2334486921206846
1.2359259661919266
1.2318052755159936
1.2238270760543486
1.1997906432043648
1.1722650836308326
1.1136260378119633
1.0530166569949584
0.9322748984390836
0.8006130077559924
