0.7632113722119935
0.7803154105899534
0.7703477113853531
0.7304373571232567
0.6828905430043495
0.6406979068124612
0.5963136732790274
0.5563526252869471
0.4987155087466943
0.4146220314599562
0.8407684491155802
0.8666563348541092
0.8747351753426877
0.8760439885106295
0.8424714490492089
0.7888421701951489
0.7386276697772212
0.6850723728584723
0.636689096329372
0.5886333662043338
0.5422475075719492
0.5038821290340022
0.4310743073710949
0.9218056883960876
0.9335238194173088
0.9426787408657952
0.9525109970327851
0.9543999141685663
0.940900530375787
0.8863460692712799
0.8294882132942865
0.7673450991365737
0.7108279044540957
0.654626419717828
0.6003811010127259
0.5555291187484822
0.43193197604989053
0.9965103623574744
1.018181461425079
1.0229513460773996
1.0295706857343427
1.0309390236812124
1.028576374138068
0.9838217035840535
0.9222391126428897
0.8516330903714521
0.7865874433612221
0.7217144625547597
0.6590791292924144
0.6073124563848841
0.5549527860093553
1.1012184156249876
1.1138015614410908
1.1230215483250714
1.131955624490411
1.1332869791325566
1.121924356637002
1.0632981592247537
0.9821225723330492
0.903998247114479
0.8252014998798854
0.7489478280633001
0.6859579616878954
0.6223219452512482
0.5665627037371856
1.172052179504149
1.1845429965073995
1.19367669463408
1.2013531394120016
1.2024060304611959
1.2017229939121823
1.1649456924308106
1.0811758589089704
0.9939890471724581
0.9043950486515214
0.8172897527963405
0.7453163189773875
0.6726762591079045
0.6091280648400129
1.1416581515618125
1.0499214618455681
0.9537424500657817
0.8597531610465692
0.7820332564391684
0.6350484602857884
1.2537666876128388
1.275708293666985
1.2802603245322939
1.2769031685581804
1.2085034719504424
1.1135012284496724
1.0102789749508072
0.9082779641692346
0.823864002956158
0.7387526179027801
0.6643452908201078
1.3002148942282383
1.3199221404979666
1.3230604243972763
1.285474914128546
1.191523314033612
1.0805143846325527
0.9688310258647508
0.8759242266307561
0.7822485771287124
0.700427931257846
0.6215168080100469
1.3337863677622404
1.3508737206257055
1.3537012444130927
1.3364798050123015
1.2540539979624525
1.138599197907943
1.0191226469368677
0.9190999384507257
0.8181756929678037
0.730074703216379
0.6452178176771558
1.3803881481139275
1.3820579599938032
1.3785023179805853
1.3657930675014724
1.319053601643663
1.2795901792618978
1.2024493076760294
1.075082823928195
0.9671715787452886
0.8580344618958675
0.7628267203510273
0.6712399779664967
1.3920640756840639
1.4048617668783714
1.4022669651143873
1.3767788037469804
1.2664071884507213
1.1325779711672779
1.0167560350373466
0.8991042530202259
0.7964260666965723
0.6977863257798956
1.4264846275537024
1.4249148600088624
1.4206261553194017
1.400016045914294
1.3880934922514163
1.3420510710112648
1.2812547600998143
1.2050469856560322
1.0800376842572512
0.9515825941294653
0.8391646678607755
0.7313596684989813
1.437214318711521
1.4347586445199718
1.4249577050667301
1.402037808583482
1.3701624129489454
1.322005869799434
1.2729074046356326
1.141180313837274
1.0025676216111137
0.8808020228297913
0.7637596649245069
0.7670380517102
0.7645075074906862
0.8509360143848719
0.861646519820525
0.8382461052453051
0.9346923828290186
0.9318279330973832
1.0107867050298316
0.9785640558391886
1.102635481530732
1.1068538047950274
1.0584849833252816
1.1750426510944403
1.1547355586500119
1.1846647623876638
1.2059405411073807
1.2308472605677465
1.2503956136319068
1.2009467039436863
1.2735646412117634
1.2914867207550504
1.27151568436161
1.3175865399263382
1.3150321235856883
1.2472010332388817
1.3072714830270988
1.3459393832012643
1.3679127218202034
1.3563580652310558
1.2607501730976673
1.3835636586206743
1.3307970186368314
1.3802131908071826
1.2672057661329759
0.7037758798002138
0.7188391759183758
0.7641173246017009
0.7802645140112314
0.7900212444582438
0.8545868023374193
0.8719878858021061
0.8819192179659381
0.8856735625213517
0.8828048872601589
0.9473503666509858
0.9652599303736712
0.974707032167265
0.97738223991732
0.9721631303860405
0.9464336366455166
1.0113828821189499
1.029085875976934
1.0381048424215087
1.039858557776028
1.039440846007126
1.037108157939443
1.0325863172914136
1.0189076735959397
1.0018333095149294
1.0715411844758334
1.0892134354960565
1.0969249298593762
1.0966894225788635
1.0933231103915064
1.0876642036067274
1.070978370093304
1.0521155332931775
1.0133011720964633
0.9737051748733158
0.8941009376479081
0.8572234006035484
0.8040025414694474
1.1398292838578434
1.1559059359006312
1.161871886376826
1.1616977814759804
1.159074443089399
1.1530676152805712
1.1469779539873761
1.1264961734125194
1.1044868352301236
1.066320709328257
1.0150271126104182
0.9791596254328003
0.92633858872787
0.8838992826981291
0.8262154026338125
1.177484038243908
1.1920372795772225
1.196695475778496
1.1921404499108719
1.1861357056710715
1.177445178341638
1.1545625948264306
1.1303320974494362
1.0825838210300653
1.0339347374893624
0.9950956542960746
0.9384828872516514
0.8946894321665345
0.8323557692968018
1.2172467671985594
1.2293657465823082
1.2318225459667025
1.224516663627012
1.2066616841642483
1.1539247009826947
1.0492463064980755
0.9461219199562868
0.8326902473988115
1.2473201028835332
1.2517044754846356
1.2476825798070932
1.2338907304650193
1.221299968239464
1.1933079981370678
1.1632226970087365
1.1084609827564005
1.052491055832193
1.0160335368856297
0.9438537876423545
0.8976607971920583
0.8259857095765711
1.262997277451696
1.2697805045607495
1.2668308060104725
1.2536156155384677
1.240866877037158
1.2301399366711605
1.1984860499039092
1.1654838376391081
1.1020313018463257
1.0449501791224576
0.9939443934248903
0.9304549617832164
0.8750248295415844
0.8054462139969909
1.2692449616828454
1.2731715891815953
1.2679247763644537
1.2522638499637764
1.2396102273418323
1.224316814289086
1.189893212566045
1.1565753995040007
1.092498617419019
1.0302371834165878
0.9908712184857257
0.910447405862437
0.8550150049213544
0.7820440600036486
0.682202848827618
0.6982396292412064
0.7396016387545502
0.7567375365108071
0.7665054683728992
0.8253045021130568
0.8434157871830485
0.8530932566132354
0.8481080670138674
0.9123310330662091
0.9312834695709225
0.9375609359742114
0.9398894142903683
0.9309806381372397
0.9723833549159043
0.9903889891508206
0.9957063296339758
0.9983306293820763
0.9955944765666775
0.985735058760337
0.9593746042405714
0.9270931097040439
1.0279595562323542
1.0457904273280392
1.0505317168920227
1.0521727250119888
1.0469702022931975
1.0353626441755381
1.0043715689708939
0.9687205592736124
0.8924574880835117
0.8035320322254268
1.0903170948423062
1.1063458510563953
1.1102526571804359
1.110312650161249
1.1019431598692921
1.0873234045895634
1.0563923342871073
1.0099684745843218
0.924675189573338
0.8257446092587384
1.124489368696215
1.138508027007007
1.1411117920544414
1.1404646717247477
1.1298771514360115
1.1131061317056858
1.0734214468933143
1.0288861018184008
0.9368484028466109
1.1593557829630254
1.1710018069376138
1.1697971241447136
1.1367960308705152
1.0442435241569892
0.9445225510956211
0.832247593389828
1.1853133858966027
1.1887505472595479
1.1887628297961317
1.1848675709596752
1.1689276871960914
1.146526402876141
1.0995429108365775
1.0476227513294702
0.9423155838953156
0.8255608159789977
1.1967315223165125
1.2021380070713885
1.1993691246244165
1.1946282644840827
1.1748559790224147
1.1493073329030203
1.093793875904123
1.0403494990997018
0.9559021983661193
0.9290052592020078
0.8050549152627414
1.1993632492226523
1.2020354335769545
1.1981821506581831
1.1905975326476717
1.1675107069957533
1.1409939577246269
1.084406519143311
1.0258418424880693
0.9090908137701743
0.7816832813098558
