0.7625079307163851
0.7796081415770687
0.7696734177895331
0.7298097522613443
0.6823070567680124
0.6401453804557563
0.5957808645550814
0.5558245663460633
0.49816130704318395
0.413903788397836
0.8398892662310321
0.8657664746265351
0.8738462255126404
0.8751695726121459
0.8416599218301141
0.7881008403215852
0.7379468098972093
0.6844390482603938
0.6360856049651376
0.5880422007240437
0.5416447900720169
0.5032457266921101
0.4302741535902728
0.9207633837627669
0.9324758958470801
0.9416279123924289
0.9514616658310165
0.9533531786337233
0.9399104606566347
0.8854666000015391
0.8286819184462004
0.7666182422608748
0.710158377189866
0.6539968945556203
0.5997672267624146
0.5549047982467166
0.43107379980841376
0.9953119914305106
1.0169764375700603
1.0217472244198182
1.028374146241098
1.0297516249565237
1.0274074271585276
0.9827750666459065
0.9212987605241605
0.8508071067732187
0.7858513897058019
0.7210511685733391
0.6584631929765778
0.6067133214584125
0.5543413100959746
1.0998027137803181
1.1123819783310531
1.1216056134092836
1.1305582341238016
1.1318901362574132
1.1206082547537304
1.0621332946560165
0.9811303993360238
0.9031540949972705
0.8244871311657151
0.7483371545701094
0.6854117946842164
0.6218131820376865
0.5660580852558116
1.1704949094258152
1.1829857148753051
1.192126712769092
1.1998204445346332
1.2008790595939456
1.2002226924285258
1.163593892944731
1.0800373725119774
0.9930502408723069
0.9036348722304267
0.8166808926426594
0.7448117408468548
0.672251953741118
0.608701093728979
1.1404178378173682
1.0489154131381089
0.952947104055316
0.8591404011804167
0.7815507375139052
0.6347824030149241
1.25204147007012
1.2740114684161605
1.278597615611664
1.2752894414117675
1.207144925818923
1.1124077930356526
1.009433017042576
0.9076529810832
0.8233998941998659
0.7384261478358302
0.6641063369503776
1.298398681120712
1.3181429684481227
1.3213378960770843
1.2839528444079606
1.1903018908536562
1.0795902760241676
0.9681746817754121
0.8754679432785054
0.7819693313223633
0.7002703152325452
0.6214465727489594
1.3319015815402924
1.3490310498625313
1.3519312489147242
1.3348254777132378
1.2527077991618416
1.1375901865557556
1.0184225473830533
0.9186337164252015
0.8179194127997855
0.729968202029315
0.645225952079659
1.378489360612949
1.3802144796665534
1.3767057283375252
1.364083596760077
1.3175467918699317
1.2782206693494802
1.20132104451142
1.0743101814024936
0.9666709001624408
0.8577809519644117
0.7627544925513012
0.6713119728871793
1.3900452608905378
1.4029575290405738
1.4003966266591195
1.3750784392512716
1.2651238070640392
1.1316993186715631
1.0161897197354823
0.8988214417571203
0.7963478124902331
0.6978936295980916
1.424487600508327
1.4229513434138534
1.4187002738714323
1.3982328849345176
1.386362445911041
1.3404779981014217
1.2799394984485688
1.203977799751018
1.0793329181067215
0.951175063914974
0.8390650895304825
0.7314576144882113
1.4351051051888166
1.4327089035031066
1.4229986758780955
1.4002062001361248
1.3684796596745503
1.320510135771238
1.2715839325526266
1.1402713300112648
1.0020451682483742
0.8805752614832809
0.76377980032759
0.7663470806959347
0.763837962926282
0.8500699144072191
0.8607857779340349
0.8374385370595763
0.9336729341086654
0.9308471583166001
1.0096375341108275
0.977522815586321
1.1012748396617353
1.1055544035916904
1.0573249599949395
1.1735732662765588
1.1533943661189558
1.183094868525803
1.204484244033502
1.2292040958326897
1.2488111842093628
1.199594950333615
1.271839636757906
1.2898334847357635
1.2700065516383376
1.315855943082162
1.3133983612145916
1.245859551020296
1.3057735048642587
1.3440111694736039
1.366084499111882
1.3546747071122691
1.2594692815805675
1.3817402197753335
1.3292308800357202
1.3783993404746815
1.265884032768551
0.703142260231874
0.7181987232785478
0.7633694223139279
0.7795096808733609
0.7892633106908405
0.853664922191576
0.8710595694824392
0.8809908205348892
0.884752941137824
0.8819002240192884
0.9462535516092823
0.9641597396868776
0.9736145696502974
0.9763048384888149
0.9711125869422992
0.9454504414744026
1.0101637873733267
1.027874835423635
1.0369072610811731
1.0386749987045942
1.0382676469371623
1.035951185297526
1.0314492301915463
1.0178140712234764
1.0007842582140125
1.0702245902724403
1.087909406134841
1.0956397345349833
1.0954398746733742
1.092095898109371
1.0864630440381315
1.069834620214605
1.051026037800511
1.0123083763756553
0.9728017723938931
0.8933575457830989
0.8565463574426865
0.8034185323275728
1.1384047325452618
1.1545040292201982
1.160505633827156
1.1603546830604303
1.157744986554557
1.1517908941195127
1.145730068856678
1.1253247147371774
1.1033832542066344
1.0653259412024831
1.0141616067615649
0.9783781979318616
0.9256731616999857
0.8833206545785618
0.8257461271929285
1.1760045699474215
1.1905919232770952
1.195294878319896
1.1908015433609909
1.1848421933928608
1.1761863720261851
1.153388492819651
1.1292407849456514
1.081640402376262
1.0331140135905035
0.9943760260352089
0.9378903093323159
0.8941921452146038
0.8319662359728606
1.2157097265183696
1.2278755360198002
1.2303726963993535
1.22316460502324
1.2054055089545475
1.1528955747159277
1.0484961868285576
0.9456318580625501
0.8324493421997612
1.245773753969461
1.2502465036920627
1.2462777339231066
1.2325964279429173
1.2200514983322135
1.1921801940268726
1.1621958130165222
1.1075832966275971
1.0517993718335765
1.0154374305733913
0.9434418659498119
0.8973590500062854
0.8258375572435371
1.261364610861081
1.2682144134759217
1.2653012307324143
1.2522459491754165
1.239567655575826
1.228892271429981
1.1973698170080889
1.164483368456905
1.1012387847937801
1.0443255144698047
0.9934762481181801
0.9301324130727935
0.8748320779016615
0.8054041104994377
1.2675565078569937
1.2715653745104096
1.2664081333059585
1.250861400801621
1.238276223191695
1.2230873175194938
1.1887712361538405
1.1555756752635642
1.0917043153566275
1.0296260787800213
0.9903689466217811
0.9101779447608014
0.8548415675091389
0.782027728215875
0.6815969590959303
0.697625958252595
0.7388897803023435
0.7560171874154682
0.7657838426685118
0.8244340591498486
0.8425379938815908
0.8522183588937494
0.8472603588327541
0.9113036929794589
0.9302547842844072
0.9365370804377114
0.9388721580372483
0.9300126466699901
0.9712566000212206
0.9892671017826261
0.9945919576830626
0.9972281539894026
0.9945235139270653
0.984701030397578
0.9584087682622285
0.9261970706393876
1.0267464122503576
1.0445917579795079
1.049346255467874
1.051005262083169
1.0458479256301607
1.0342872757302404
1.003385464200006
0.967820419019257
0.8917148394765094
0.802948102400861
1.0890192546879802
1.105065365391902
1.109012465654305
1.109094380207136
1.1007899994616273
1.0862313231089944
1.0554030853169076
1.0091049869494177
0.9240099267535081
0.8252751822315422
1.1231522116001424
1.137212380929012
1.1398446484454725
1.139232486811781
1.128718739152546
1.1120241106960953
1.0724814169030255
1.0280663929842486
0.9362555194380557
1.1580215594884142
1.1696859197184102
1.168561996511119
1.1357723432054667
1.043493032548072
0.9440315968708951
0.832006134598413
1.1839479430517275
1.187418483268287
1.1874761118701362
1.183635691121509
1.1678075430328736
1.1455027285233517
1.098665111071659
1.0469296223240685
0.9419023286632705
0.8254119411742769
1.195247021011526
1.2007925033113904
1.1980831801543925
1.1933915876356214
1.1737433162135535
1.1483067930990973
1.092998797584345
1.0397220681806456
0.9555095254348625
0.9286808283712378
0.8050119115181241
1.1978840944171616
1.2006537083409128
1.1968618785517893
1.1893264547085525
1.1663902159680257
1.13999267518623
1.0836088033639553
1.0252273836583874
0.908819245722965
0.7816659578185972
