0.8007982060366909
0.8188060838753958
0.8085416774348614
0.7668176067678288
0.7170598099271495
0.6728865756583065
0.6263992650599869
0.5845342258499273
0.5241186688511775
0.4359120304436616
0.8824677613464889
0.9097168902023358
0.918247999996048
0.9197122130936024
0.8846674320203741
0.8285453882059528
0.7759641872111257
0.7198588500619436
0.6691602036327832
0.6187837328726347
0.5701557480763494
0.5299107658139125
0.4534746158725637
0.9678375848125541
0.9801753902477476
0.989822936808018
1.0002050052230862
1.0022077506626417
0.9882432421547042
0.9311735820705507
0.87162974293361
0.8065159080056455
0.747283858087894
0.6883588614498436
0.6314812645790241
0.584426864739497
0.45463874036222607
1.0465919273887447
1.0694355472710426
1.0744747633269272
1.08148921585722
1.0829687191690347
1.0805547805812006
1.0337969400474338
0.9693072252299872
0.8953165336876414
0.8271353435584132
0.7591077171988969
0.693420642809596
0.6391051175404738
0.5841445360563039
1.1570697759918627
1.1703409287786153
1.18008207274576
1.1895548095150124
1.190981570576185
1.1792396041859887
1.1178961298863626
1.0328311848358198
0.9509156070544774
0.8682661497781214
0.7882752759089091
0.7221694623683701
0.6553611987156928
0.5967993351989571
1.2318783175018497
1.2450680982630982
1.2547301420403374
1.262889613733892
1.2640310083083768
1.2633751865916727
1.22499179101248
1.1372228500373107
1.045801192733025
0.9518111815571159
0.8604175733850302
0.7848703743698262
0.7085973635769556
0.6418005198324294
1.2009770322424238
1.1047780007849566
1.003870746972456
0.9052422370426801
0.8236541246570964
0.6692771342409575
1.3182695176528385
1.3415026708757791
1.3464158758849836
1.342973842417606
1.2714349148949533
1.1718176424916569
1.0634123950779606
0.9564625958783022
0.8678360236306661
0.7784482333666258
0.7002754279474098
1.3674335165284566
1.3883257891543341
1.3917715027876787
1.3525634394444528
1.2540814791363668
1.1375989898623242
1.0203716397274003
0.9228133707073557
0.8244165477226768
0.7384425378229026
0.6555024167441529
1.4030034418446204
1.421135168529125
1.4242549222289207
1.4063521095560807
1.320005525715245
1.1988616612153549
1.0734409922324786
0.9683981125832263
0.8623739100610732
0.769789592329726
0.6805893734735754
1.4524711405234316
1.4543547706972932
1.4506957937091043
1.4374547374883386
1.3885209316688654
1.3471409367325693
1.2661923422017525
1.132478906473507
1.0191376589488188
0.9044704985836475
0.8044038184006276
0.7081161548174081
1.4648647634321132
1.4785581187419594
1.4759422513716354
1.4493520397960518
1.333579977198845
1.1931175060305137
1.0714543137307713
0.9478241312354122
0.840004034620939
0.7361744653306287
1.501621984281413
1.5000484517215353
1.4956081972639355
1.4740868324793375
1.4616032930480722
1.413334099778113
1.3495277814747968
1.2695150255973606
1.1381880387141932
1.0031465488153302
0.8849951174548283
0.7716210560897979
1.513156544459198
1.51066808582168
1.5004743450048623
1.476496916381511
1.4430874101542306
1.3925530467816924
1.3410101891385198
1.2026222310883692
1.0569271057116625
0.9288949426914668
0.8057816607633929
0.8049127224304536
0.8024115648652653
0.8932609606037322
0.9045944104429235
0.8802294952524203
0.9815443433883724
0.9787110964261191
1.0618583625524174
1.0282696195144736
1.1587505494860046
1.1633894498035693
1.1128324218950334
1.235305731182025
1.214247175408721
1.2454380881060558
1.2682095367121913
1.2942864175835387
1.315069979057076
1.2634771389019468
1.3395181787879173
1.35860519327983
1.3378606952062913
1.3862179525757423
1.383758922031023
1.3127837925250903
1.3761036200333814
1.4163497302753825
1.4397395762973748
1.4278285778877584
1.3276148646644073
1.4566444963789622
1.4014660615427605
1.4534828611597745
1.3349947502523076
0.7385683922574616
0.7544129906276469
0.8021142361903365
0.8191099758195091
0.82939920353887
0.8974610046797266
0.915792760309816
0.9262818021397253
0.9302898663891238
0.9273461708769102
0.9953175795185542
1.0142099525431583
1.0242083006379672
1.0271002741131452
1.0217010752448072
0.9948203213197686
1.0629316721195095
1.0816243079515104
1.091189280556232
1.0930883556361932
1.0926833271593548
1.0902777677177395
1.0855747360789232
1.071290189090928
1.053425313811986
1.126514564631313
1.1452004257085986
1.1533980297877275
1.1532560362879478
1.149769195188769
1.1438660633476931
1.1264346730372854
1.1066884093976
1.0660189664079978
1.024503772204177
0.9410028576915651
0.9023076289146942
0.8464737222384615
1.1987779630904483
1.2158034458566558
1.2221910159411187
1.2220626260648186
1.2193679028973612
1.2131208906219832
1.206764530890208
1.185341568079995
1.162281244884356
1.1222770608914248
1.068472826975535
1.0308383330348798
0.9754059690450293
0.9308683505443516
0.8702539740408353
1.2386830613176762
1.2541231092430816
1.259140551609829
1.2544732055068932
1.2482301555376918
1.2391464532779433
1.2151963162939994
1.1898042396675768
1.1397309693954556
1.0887075028435491
1.0479211035103906
0.9885023947251788
0.9425159385645882
0.8770520102995952
1.280855459191187
1.293783289154722
1.296479051412859
1.2889393803852358
1.270295887538021
1.2150346898635411
1.1051933153067084
0.9969040843656336
0.877737339927138
1.3128971833632848
1.3176940704037214
1.313550020402812
1.299186819287949
1.2859969023471156
1.2566738562812103
1.2251152231103482
1.167651530181114
1.108887823959223
1.0705851853741732
0.994772793510159
0.946231398319636
0.8709013902464331
1.3297014804726306
1.3369956216019123
1.3339687418609234
1.3202662021091327
1.3069251155795754
1.295694738616993
1.262511527482507
1.2278836843545247
1.1612291637102665
1.101293997177899
1.0476972287776123
0.9809686998334541
0.9226985021781012
0.8495412465065337
1.3365284009890641
1.3408200646533028
1.3354286741580337
1.3190864889060827
1.3058457628466515
1.289875002243465
1.2537113383170932
1.2187305003179578
1.1514231672680473
1.0859929543415738
1.0446164475901771
0.9600600095851928
0.9017652781758059
0.8250149987567296
0.7159970412015493
0.7328710034860828
0.7764575721151875
0.7944987112630432
0.8048115350255169
0.8667988698686775
0.885887822049138
0.8961242323647804
0.8910263826912131
0.9586296050917754
0.9786305267202317
0.9852788499386173
0.9877642192007137
0.978567926027864
1.0220608005086511
1.041084098992955
1.0467246666941015
1.0495363927600534
1.046761148104265
1.0364857487496044
1.008912646368952
0.9750948361861339
1.0808232780949876
1.0996879148252268
1.1047314928602738
1.1065094586830169
1.1011617708531476
1.0890510912680869
1.0566160888916678
1.0192539530675233
0.9392712712961389
0.8459777146783668
1.146846904340375
1.163855846509126
1.1680306636330917
1.1681488639153412
1.159479015226375
1.144200062203368
1.1118159213845293
1.063141410078481
0.9736520634002103
0.869757286790031
1.1830831621202809
1.1979739536464982
1.2007793500508723
1.2001840950749134
1.1891843854447075
1.1716502327906015
1.1300727101878645
1.083384347336212
0.9867781572326386
1.220168435007998
1.2325391055178976
1.231438004930852
1.1969745538669918
1.0999160001256256
0.9952159285579948
0.8772697569085104
1.24780121865776
1.2515002158905
1.2515742020406315
1.2475821991455465
1.2309627711236601
1.2075050043525066
1.1582428070629038
1.1037502357575695
0.993148516828732
0.8704523524860738
1.2600512216975706
1.265974050696357
1.2631563872117055
1.2582347131883758
1.2375812960025627
1.210823076404921
1.1525344488037819
1.0964365226982353
1.0077060094032217
0.979437077989587
0.8491276271877483
1.263111036167167
1.2660993454243465
1.2621387700947002
1.254242429830525
1.230091454015493
1.2022850981389326
1.142878474070567
1.081351068080637
0.9586263362867132
0.824633348009711
