0.7901468873951802
0.8077124221072955
0.7969101069646101
0.7551705847145317
0.7055270600292957
0.6614871475430613
0.615153844504902
0.5734315876793792
0.5132204241465173
0.4252548237787773
0.8700025390337917
0.8966201647153177
0.9048618151955964
0.9059976004856801
0.8707517529683132
0.8147573843130065
0.7623804805985643
0.7065227493522491
0.6560609284272002
0.6059277949751282
0.5575186794377028
0.5174608082000788
0.44136649645875387
0.9533506183472684
0.9653969018997038
0.9747892225615232
0.9848254486538759
0.9867340514566921
0.9722571909609197
0.9152527087017182
0.8559663620341216
0.7911959384915511
0.7323021113601822
0.6737298317273535
0.6171842141858522
0.5704161264034225
0.44141497860176726
1.0300859618014193
1.052312946873634
1.0571821493398723
1.063880791459729
1.0651973072615104
1.062594364766019
1.015687644635428
0.9514780095807481
0.877903928805978
0.8101988454148001
0.742650990183654
0.6774280412641944
0.6235148152617681
0.5689707505570157
1.1374584593355919
1.1503501551273698
1.1597671637733837
1.1688202049765715
1.1701279424151183
1.1579258045001135
1.0966952275240587
1.0121754386294244
0.9309027092482686
0.8489548048085829
0.7697473203663511
0.7041645010374691
0.6379927422939218
0.5800139310416845
1.2099426201267534
1.2227212310386575
1.2320289110771423
1.2397592555691344
1.2407710954711262
1.2399264565735875
1.2013040868708325
1.1140517726175823
1.023401799349481
0.9302952880763496
0.8398004530664671
0.7650386575685201
0.6895923681510695
0.6235940977141706
1.1762533775686257
1.080886010084728
0.9809759767510104
0.8833780324340271
0.8026932122903446
0.650145343649336
1.2933049935819585
1.3156848930397231
1.3201189429824982
1.3164614320292114
1.2449805679849062
1.1462219965394016
1.0389372828088976
0.933173123158592
0.8455909529916505
0.7573057913321641
0.6801509192172123
1.3406394855960397
1.3606442865125634
1.3635858147240523
1.3241247925631099
1.2263861475325892
1.1111526356202115
0.9953052710512074
0.8989750250451267
0.8018776722312047
0.7171064666468777
0.635357607411989
1.3747180259869534
1.3920332313545256
1.3946581302480534
1.376447417745276
1.2906204918316564
1.17078476549536
1.0469014931423595
0.9432437773911345
0.838689776826903
0.7474574451535242
0.6596174655490726
1.421820919173226
1.4233007346520747
1.4194566734009832
1.4060895982376433
1.3573719717049504
1.3163660727138946
1.2363532668532566
1.1043032497058034
0.9925235310484869
0.8795231601547201
0.7809912607647261
0.6862471632708426
1.4335244147059112
1.4463901843781126
1.443341805682225
1.4166261088451386
1.3019176162693036
1.1632670800358431
1.043343704502461
0.9215864681796154
0.8153718291778652
0.7134052674426123
1.4678089044873996
1.4659759224966042
1.461393279739925
1.4398176501702353
1.4273842940172166
1.379505970628594
1.316498922536201
1.2375634318816806
1.1081808773588617
0.9752789042163958
0.8591076347455716
0.7477340864515509
1.4780177782638393
1.4752961064840127
1.4649347703563844
1.4410424472345515
1.407903543534055
1.3579663468029453
1.3071021940278291
1.1707980134936264
1.027492170138451
0.901689687843588
0.7808370709128302
0.7938737084116226
0.7908684809968157
0.8802445841358408
0.8911092012764331
0.86638524613736
0.9662681671206789
0.9628843929742127
1.0442220497761399
1.0102616275516196
1.138493251317324
1.1423784058384208
1.091733232977287
1.212411611670157
1.190780707594564
1.2223503881877666
1.2434515289926098
1.2694447382461715
1.289148195085907
1.237200218051664
1.3128859064791973
1.330898090520003
1.309754362664918
1.3574738837667137
1.3543717109966347
1.2835718230364617
1.3452547291671704
1.3859060087875201
1.4080033014991822
1.395626950333186
1.296105085292303
1.4230953619475886
1.3679440193000387
1.4186226261631447
1.3012499363431336
0.7282906143900896
0.7437875738357931
0.7903739612333353
0.8069688801286081
0.8169450295575451
0.8833281418689031
0.9011807829657322
0.911304753676744
0.915021979072959
0.9118764865163675
0.9784606879911728
0.9967939407036217
1.0063839879922267
1.008948682673182
1.0033433145736372
0.9763558866143451
1.0440010858307802
1.062090702638706
1.0712085661449742
1.0728881490808706
1.072375234499223
1.069851780429327
1.0650604420208907
1.0507003427946668
1.0328535594606811
1.1054526293199343
1.1234717683453304
1.131224538145469
1.1307400004613475
1.127140673305988
1.1211704317418136
1.1036903711484218
1.0840005618465893
1.0435668949677548
1.0023717161627472
0.919618582988719
0.8812952995106725
0.8260035858328865
1.1750102042970587
1.1913539311595436
1.1972701589548098
1.1969639255476596
1.194120309028205
1.1877637222007484
1.1813682578855536
1.1599648413420296
1.1370202118245154
1.0973188207008155
1.044021042470672
1.0067669660325538
0.9519864182721148
0.9078868172608536
0.8479837369557961
1.2132254276607821
1.2279714041541987
1.232531943252166
1.2275676511771352
1.2212325858710604
1.212119715347322
1.1882343256945778
1.1630140614591296
1.1133935731288576
1.0628931016167307
1.022580898945873
0.9638511959054927
0.9184397922222166
0.8538227668469653
1.2533508346959696
1.2656175193572754
1.2678812924273295
1.260069704128575
1.2413669050655536
1.186480026063818
1.0778593300074644
0.970982610384901
0.8534939735047976
1.2835706569810794
1.2877292099442934
1.2834039654865674
1.2689140832933312
1.255761428443426
1.2266398281198794
1.195389597855611
1.138591035628854
1.0805863625739351
1.0428196475857856
0.9680821702336796
0.920272396231377
0.8461022311513565
1.298849783559412
1.3055352552723587
1.3022343261022835
1.2883290273291055
1.2750217934032901
1.2638552865422494
1.230984848923735
1.1967399009077644
1.1309689484495757
1.0719204206759587
1.0191707335083917
0.9534849516331861
0.8961855072100388
0.8242747373052287
1.3044978289821556
1.308250287693673
1.3025819462069925
1.2861715080262166
1.2729878338822984
1.2571211338396098
1.2213702911379398
1.1868527934099138
1.1205256816798195
1.0561340368930061
1.0154288719998175
0.9323238029203361
0.8750659667566646
0.7997157454091425
0.7057873856647882
0.7222709492071417
0.764811899594994
0.7824047623134374
0.7923549371477095
0.8528180763678427
0.8713698815011665
0.8811948888492689
0.8756700430614102
0.9420063347282298
0.9613800274302486
0.9677384648023096
0.9700481477152013
0.9604213341401366
1.003423638397674
1.0217934954900205
1.0271634899645374
1.0297447210107897
1.0266717105093994
1.016265325611631
0.9886889055925079
0.9550271678723007
1.0601415855630936
1.0782893061930465
1.0830498116166143
1.0845073959052773
1.0789626238453736
1.0667496482735865
1.034375861884952
0.9972433607710952
0.9179292578232132
0.8255205031986259
1.123579965545912
1.1398303079388665
1.1436866460026283
1.1436259667547184
1.1346970672862076
1.1193614575215063
1.0871078317984773
1.0388209707079017
0.9502779102237957
0.8475007988577243
1.1582099182659449
1.1723751998819771
1.1748963995676889
1.174073076052001
1.1628440758125531
1.1453004219891358
1.1039758771604913
1.0577060698094445
0.9621733973291007
1.1933727583806069
1.2050345032641256
1.2034643933733105
1.1688777136554684
1.0727226548724786
0.9693418823446903
0.853040377079745
1.2192875981006233
1.2226647708820229
1.222516264686924
1.2183221830739277
1.201592059605257
1.1782404140538465
1.1294348435148724
1.0755901913312294
0.9665049425822243
0.8456670253063618
1.230216882490639
1.235455221486827
1.2324011888646678
1.2273883265176277
1.206726758596751
1.1801365045469872
1.1225179616208194
1.0672022647226622
0.9798223824790548
0.9519994822044343
0.8238741977887002
1.2321830714820547
1.2346078166658265
1.2304636710937327
1.222463333730631
1.1984044369941629
1.1708687809095784
1.1122279957282735
1.0516288409954955
0.930934456312507
0.7993466192972055
