0.7653484599195742
0.7825915532979071
0.7728770650278683
0.7330914160273656
0.6856465457726861
0.6435371939043176
0.5992380547231745
0.5593586366742692
0.5018376438850851
0.41789843157465145
0.8430284193619616
0.8690942165736872
0.8772675169534658
0.8787100181989387
0.8453417920724161
0.7918582231543595
0.7417528110522807
0.6883030330119064
0.6400178939620721
0.5920549761652916
0.54575578298776
0.5074571004001273
0.43474564159080054
0.9242604781863014
0.9360544458714862
0.9452814247426837
0.9552201783355649
0.9571414728008167
0.9439152965027039
0.8895634424774171
0.8328442595294862
0.7708285059889135
0.7144264572890656
0.6583304715138198
0.6041811924125483
0.5594013430024586
0.4359200380957733
0.9991429297075817
1.0209764489148931
1.025795777969437
1.0325187838929772
1.033952632920478
1.0316788925244245
0.9871978172261582
0.9257947113700256
0.8553231471510571
0.7904317028476598
0.725678383847886
0.6631486441464951
0.6114593882937693
0.5591647887230792
1.1041133905226306
1.1167897701643794
1.1260975461827678
1.1351640337877145
1.1365360893460217
1.1254290559945055
1.0670783441350968
0.9861187515188075
0.9081588132229386
0.8295056148347527
0.7533738687107461
0.6904695482134654
0.6269020827901955
0.5711834330053482
1.1751346831265488
1.187708641287599
1.196957196491624
1.2047674361571088
1.2058687350528157
1.205270030449254
1.168812293748491
1.0853172195951422
0.9983335742564863
0.9089052037148837
0.821935639809307
0.7500542906717809
0.6774863801674659
0.6139324663206952
1.1458641970415988
1.0543523253254021
0.9583548615377032
0.8645109064484395
0.7868875001471137
0.6400138583833739
1.2570719860135573
1.2792516619194398
1.2839718012736228
1.2807286713758324
1.2127594734291887
1.1180013937716786
1.0148866522681106
0.913138482000221
0.8288265622868802
0.7437902661082049
0.669412901204554
1.3036511438502774
1.3235903065209431
1.32691365115541
1.2897101794520849
1.196061337167063
1.0852874239730494
0.9737795940619633
0.880982778427884
0.7873848267810429
0.7055919739088735
0.6266694189619737
1.3373153154037154
1.3546139626476812
1.3576212000801942
1.34064236558035
1.258577440812541
1.1433910337551856
1.0241078253344162
0.9242032910416809
0.8233591011671874
0.7352845473389711
0.6504111678904022
1.3842145298964297
1.3860241595669225
1.3825653707998726
1.3699992413006394
1.3235031116818619
1.284169112443831
1.2072444040571926
1.0800661987682862
0.9722836013490543
0.8632312603932053
0.7680484031651946
0.6764397777850261
1.3957274234773318
1.4087138386329978
1.406338570307485
1.3810796940662493
1.271053010123045
1.1375091635148098
1.0218297322434162
0.904265802186305
0.8017211704966172
0.7029482901625391
1.4303647074219268
1.4289116123190322
1.424691922280057
1.4042624552820424
1.3924009726003077
1.3464904597091052
1.2858937610881431
1.2098292803464603
1.084984325671577
0.9565912909420345
0.8442380254599939
0.7364023776895763
1.4410364042214812
1.4386771202921655
1.428979618451364
1.4062228567446493
1.3744651050027192
1.3264414690339934
1.277446851422131
1.145912226414427
1.0074154265627535
0.8856818803148635
0.7686041532013617
0.7693270460275685
0.7670161513841021
0.8533935620260104
0.8642656205861197
0.8411011981328231
0.937428205930927
0.9348121503294318
1.0138335194775978
0.9819214691200627
1.105794938349887
1.1103104918034181
1.0622477014928724
1.178510730831042
1.1585680720515692
1.187910929436371
1.2097628444262865
1.234269553802156
1.2541435189394639
1.2051764725530176
1.2771105939796095
1.295354831737716
1.2757066600650568
1.3214090527766176
1.3191319113727442
1.2517009381491213
1.3116843357989363
1.3495896917494927
1.3718974722253316
1.3606027379727947
1.2653773142212947
1.387664606767699
1.335205228578901
1.3843489530844542
1.271729415391881
0.7059204347743757
0.7210888448278752
0.766429885326172
0.7826934290804181
0.7925512261209869
0.8571641719536341
0.8747000785433875
0.8847463988557245
0.8886104275270063
0.8858421043406092
0.9502198018864321
0.9682822781525485
0.9778577131105756
0.9806621250771514
0.9755587334714095
0.9500067267966293
1.0144673544833793
1.0323330490101157
1.0414949439502785
1.043334534885001
1.0429658258071974
1.0406969226647764
1.0362386175982459
1.0226688493451497
1.0056829432541128
1.0748383317165977
1.092689465567352
1.1005470768087788
1.1004594947752735
1.097162880351803
1.0915632425816066
1.0750020665448217
1.0562300776224083
1.017549661961654
0.9780577109373493
0.8986167376281935
0.8618031438796807
0.8086641152617453
1.1433818336494603
1.1596427415064778
1.1657671624999872
1.1656672190597572
1.1631263755409866
1.1572086998026507
1.1511741831090796
1.1308180597375488
1.1089022219627613
1.0708598995582383
1.0196934001996862
0.9838930335774795
0.9311624755333462
0.8887849615489247
0.8311212697405775
1.1811835756149625
1.1959260383658377
1.2007444052958847
1.1963435814192125
1.1904151465862878
1.1817976209765026
1.1590406371397473
1.1349077934432679
1.0873028881276363
1.038755584543671
0.9999909176013199
0.9434599842810376
0.8997220522567642
0.8374499399055615
1.2211725096640953
1.2334067593020184
1.2360251389402501
1.2288728367234474
1.21116370386671
1.1586758178856154
1.05418273212469
0.9512230215295515
0.8378862141087123
1.2513529975137456
1.2559541806894268
1.2520319267169517
1.2383866035958508
1.2258602997431929
1.1979978999357181
1.1680088186593773
1.1133730252357852
1.0574977333682563
1.0210775889046588
0.9489836142014839
0.9028271128223386
0.8311863032890486
1.2669766671625318
1.2739223992804964
1.2711285322213517
1.258051995762276
1.2453831023301454
1.2347068788739908
1.2031642375203473
1.1702475520119806
1.1068786077195139
1.0499075440107133
0.9989659032692011
0.9355053120528696
0.8800906086665611
0.8105175139538888
1.2731777854930004
1.2772609712197136
1.2721463027807143
1.2566143814899198
1.2440260743829281
1.2288270499192957
1.1944695042170066
1.1612281520970793
1.0972465405899643
1.0350473768201607
0.9957127239497471
0.9153169474539277
0.859885829528253
0.7868978901082014
0.684381678337199
0.7005395815013273
0.7419582381787794
0.7592288956670021
0.7691197395907445
0.8279403598002111
0.8462053516045838
0.8560232926934788
0.8512460847080692
0.9152735976784282
0.9344034170055158
0.940775353759349
0.9431685880704783
0.9344935282689161
0.9755542589315724
0.9937440888043794
0.999148785864052
1.0018591771770562
0.9992677298956599
0.9895214662882771
0.9633104091340934
0.9311431511120467
1.0313525872163918
1.0493842714034929
1.0542200421454921
1.0559433311487663
1.0509028171580315
1.0394109558869769
1.0085821245741422
0.9730504686219682
0.8969648184387277
0.8081908033661029
1.0939765945935735
1.1102161821434773
1.1142398640604687
1.114376370455928
1.1061717377381737
1.0916705726986151
1.0608894218793692
1.0146115201293866
0.9294903509997254
0.8306476325350645
1.1283029261008692
1.142528303662312
1.1452259078435705
1.1446844286292863
1.1342620042386686
1.1176137087178935
1.0781013328837927
1.0336837345467882
0.9418168740442172
1.1633601017099262
1.1751778207432935
1.1741696536074426
1.1414801032992066
1.0491573592201382
0.9496152700200999
0.8374408334776625
1.1894666270746754
1.192942645704027
1.193094056475043
1.1893039884505234
1.1735298379866692
1.151249263370799
1.1044182890678904
1.0526077982201247
0.947437501445685
0.8307588346880413
1.2008317973987706
1.206422384501428
1.2037566096254793
1.1990836275815209
1.179455493681067
1.1540142770186914
1.0986096370356697
1.04528779484081
0.9609273219912295
0.9340486320349052
0.8101240103135842
1.2034122644658711
1.2062523989905376
1.2024843211430207
1.1949621960227474
1.1720196483596186
1.1455972571379862
1.0891264105964458
1.0306355348627538
0.9139544324232349
0.7865352473821843
