0.7850457126284489
0.8030727018607396
0.7942451301821473
0.7543963225829358
0.7066529172350966
0.6642210154018944
0.619558924009691
0.5793434374157672
0.5213376305239718
0.4367366371520822
0.8660263062036226
0.8932176408093279
0.9018975236717922
0.9038987287614314
0.8707953506502814
0.8169643634559162
0.7664028248635918
0.7124087154483588
0.6636070307430986
0.615116421062897
0.5683052623087267
0.5295857629855624
0.4560990532157587
0.9509210197060849
0.9632351702817041
0.9729136411627779
0.983460969254943
0.985549304555641
0.9731556612683032
0.9185624869032679
0.8612747015975231
0.7985306474095575
0.7414190649696946
0.6845890529573662
0.629716594091975
0.5843319607952698
0.45918600291527817
1.029456162587967
1.052385825913133
1.0575012326464572
1.0647763245857578
1.0664899133369439
1.0645318254547222
1.0201905836755096
0.9581710546968094
0.8868068359346287
0.8209644468933648
0.7552389595036436
0.6917406166217241
0.6392329383577114
0.5860958587924345
1.140035822462722
1.1533918295493693
1.1632706115556581
1.1730855154147024
1.1746454903877759
1.1642845770387054
1.1056068746804568
1.0235154363597179
0.9442766635240282
0.864238115166835
0.7867050510640151
0.7226037031550193
0.6577904325680696
0.6009491695876444
1.2152586342873777
1.2285736736572126
1.2384265885048231
1.2469880804593823
1.24830548366973
1.2480326892173021
1.2118916473913028
1.1273040777762602
1.03879652068415
0.9476434859942342
0.8589036834612128
0.785500446311134
0.7113445995638225
0.6463469240826708
1.1906871642519457
1.097539163230375
0.9996052675496383
0.9037483946600681
0.8243870785826934
0.6740412406916528
1.3025496179586458
1.3263360124875756
1.3318769974648212
1.3290019385518637
1.260732210921276
1.164303817388283
1.0590224615531112
0.9549758488572211
0.8686676844398349
0.7815392424156896
0.7052611226729841
1.3525320652313129
1.3740385364966017
1.3782294103198913
1.3413770628338135
1.2462138453899767
1.1330338819614716
1.0188681216304414
0.9237380763963691
0.8276879528590155
0.7436654068319758
0.6624849125659376
1.3888869074410355
1.4076270434285831
1.4115014235991374
1.3949940556765275
1.3118383159044573
1.1941306581471047
1.071900634056561
0.9693751955804891
0.8657664802649685
0.7751771674871407
0.6877551295735248
1.4400258349119268
1.4425304745779939
1.4393878487113043
1.4270043954213152
1.3800246997305665
1.3399502309445515
1.2612578573227553
1.1308728689730416
1.0201456837292202
0.9079686711432984
0.8099428554114229
0.7154503982269301
1.4528243461738903
1.4671827045637693
1.465622611876122
1.4405348253384473
1.328450630319031
1.1914130815435864
1.0724618951371516
0.9513892475511316
0.8456405604215783
0.7436426083322173
1.4918470854839
1.490901485982368
1.4868988456218608
1.4665395206784158
1.4545506412417508
1.4077968194451027
1.3457596501706592
1.2676394023333337
1.1391458211765393
1.0067547709977334
0.8907540997307656
0.779205685850941
1.5050122634040384
1.5030581566610839
1.4936056295533662
1.4706971802151505
1.4383823049976585
1.389229665441253
1.3389192620252979
1.2034780432040706
1.0605310686871443
0.9346621627975188
0.8134235076795335
0.789687461039861
0.7882220844531282
0.8773456084771812
0.8890342495085996
0.8664244861314447
0.965455730576486
0.9637619470480907
1.0460955079608125
1.0147302117294208
1.1428181157022919
1.1486156839314352
1.1005919087518596
1.220264942151754
1.201246160821842
1.2300628879766207
1.2548136487035084
1.2795785939117834
1.3013440579737614
1.2528279994807376
1.3256511193977252
1.345774093944381
1.3267709670769423
1.3737408536649802
1.3725445474295082
1.3046484835601262
1.367661708566933
1.4050265040927756
1.4296107848716495
1.4191057082661134
1.322498267526217
1.4486544072159755
1.395956677524678
1.447739563867075
1.332905031998731
0.7248553836954355
0.7406456778172048
0.7880148123284381
0.804994823259274
0.8153994237382874
0.8830675435653522
0.9014577073835717
0.9121437900532067
0.9165043246314095
0.9140744911871437
0.9810366260810616
1.0000863922995453
1.0103760489836042
1.0137434578692948
1.0089772604859557
0.9835401109723944
1.0490156617111186
1.0679491046433216
1.077892260943987
1.0801076278782573
1.0799207729255005
1.0778478709009993
1.0735270705024063
1.060050770480475
1.0429913475450285
1.1132208009547828
1.132246328545371
1.1408845630225946
1.1413774408473205
1.1382630445717665
1.1327828943926004
1.1162428279295535
1.0973291483312293
1.0581489977473764
1.0180144257954205
0.9371050081619702
0.8995688059866184
0.8453434402049558
1.186634091752883
1.204096516559772
1.2110389101305026
1.2112412679685787
1.208948889967289
1.2032007886589369
1.1972199012623592
1.1767871139678534
1.1546125750592033
1.1159585570187012
1.063804643719858
1.0272626011322064
0.9733711591622806
0.9300300067897391
0.871000691583077
1.227476167146587
1.2434400745314973
1.2490522465621299
1.245147536267578
1.239344467216247
1.2307695430620085
1.207837219807608
1.183362474971654
1.134876538048745
1.0852935246507698
1.0456390268488638
0.9877572792724878
0.9429258249798448
0.8790669675910632
1.2710202604089536
1.2845605678518126
1.28795112503466
1.281223103795878
1.2635650498004374
1.2103103199811156
1.103446783660108
0.997811646474323
0.8813195292213176
1.3046080166559808
1.3103193851070045
1.306703554534326
1.293217422577326
1.2806092066353179
1.2523377898470842
1.2217549245460522
1.1658313199463621
1.1085098479627262
1.0710865262601292
0.9969558017679949
0.9494467342332867
0.8756528510054962
1.3230278388106356
1.3310245693040383
1.3288253119641
1.3159561381168958
1.3032090629410475
1.2923934837935036
1.2602503056474121
1.2265671996695777
1.1615043738823025
1.102891923848048
1.0503859279341148
0.9849609844991889
0.9277601532740485
0.8558612003559237
1.331373345509303
1.3364013386779112
1.3317694358280427
1.3163215579855738
1.3035979786518617
1.2881367201980154
1.2530277807966965
1.218919540031309
1.153097746048481
1.0889615524536416
1.0483687330220817
0.9652937911995956
0.9079466998863237
0.8323700789502011
0.7031577343105988
0.7200089367258334
0.7633277638898641
0.78139446871373
0.79192018337716
0.8535213170993763
0.8727240451098405
0.883272656922362
0.8792046928471727
0.9456053791844908
0.9658477187754537
0.972725870051644
0.9754225725957646
0.9674512529197952
1.0095118156589693
1.028853072069552
1.0347298066056985
1.0378380191646528
1.0357436884643205
1.026194443787388
0.9999194728097421
0.9674099778494634
1.0689841638218343
1.0882771050578801
1.093605067517364
1.0957290405598124
1.091157551272814
1.0798117335237514
1.048799225848901
1.0127883900391166
0.9353771545999425
0.8448469858593677
1.1362510006245499
1.1538000587803396
1.1584003717546711
1.1588417805113993
1.1510650426328086
1.1366179695019305
1.1055367608281936
1.0584861522962934
0.9716172305830464
0.8705024259805446
1.1734661049946544
1.1889659238439114
1.1921537885571478
1.191999618222759
1.1819350573471394
1.1652729540856572
1.1252409474399871
1.0799764522873203
0.9860306943042683
1.211981422881457
1.2250567738326354
1.2248417388624653
1.1922869068491508
1.0981674054543824
0.9961185285318098
0.8808490256971521
1.241178406105406
1.2452092068320042
1.2457545006085786
1.2422865912378003
1.2266695351728885
1.2041614883918605
1.1564202053963333
1.1033645859765147
0.9953249120490928
0.8752004988006041
1.255067227990503
1.261752909330784
1.259492006511251
1.2549683802918514
1.2353249216010158
1.20948881939963
1.1527941114219051
1.0980199392348216
1.0111368042494568
0.9834208510898585
0.8554437253620454
1.2595440184648428
1.2633698453937323
1.259904742876844
1.252505863623141
1.2293890479308411
1.2024500170268908
1.144531352148329
1.0843015213559266
0.9638508292607015
0.8319847085426274
