0.7891131062534689
0.8066151539450439
0.7956970110742856
0.7538991465991889
0.7042021957305644
0.6601143000560746
0.6137238251627086
0.5719418167499013
0.5116255395386585
0.4234430664140172
0.8688587694479478
0.8953943539870891
0.9035933223123949
0.9046699262241054
0.8693359647516733
0.813280163692499
0.7608523873816182
0.7049369038684491
0.654416109988151
0.6042157976768571
0.5557303707473811
0.5155983736351011
0.4393219795244034
0.9520703015422237
0.9640812723906891
0.9734410371537459
0.9834294474165878
0.9853226860420868
0.9707324362421947
0.9136512001511542
0.8543103746213232
0.7894825921416612
0.7305319409674125
0.6718963489999801
0.6152799197921601
0.5684439878892974
0.43918077885993745
1.0286802290893982
1.0508330242871289
1.0556804127680166
1.0623348925795701
1.0636247488430939
1.0609851933395844
1.013978482653241
0.9497079816902627
0.8761046272404514
0.8083180532885325
0.7407123550220546
0.6754260651080957
0.6214531554639684
0.5668384532412866
1.1358761125877346
1.1487265660082802
1.1581059637093218
1.1671046368755618
1.168396389572077
1.1561007832760315
1.0947851559980897
1.0102055501801985
0.9288844195506083
0.8468891952603316
0.7675472239231242
0.7020051838311936
0.6357816361157117
0.5777512506564798
1.2082427349470075
1.2209791227127786
1.2302479679598322
1.2379257905181518
1.238919614382342
1.2380442305530437
1.199322288708734
1.1120016536321224
1.021305358814214
0.9281600430225141
0.8376281392927786
0.762834695024425
0.6873521028049067
0.6213196403129443
1.1741584191414147
1.078752473960749
0.9788087939500861
0.8811817505782774
0.8004733701262746
0.6478756111266109
1.2915332647161597
1.3137661654820665
1.318143862935658
1.3144479745108886
1.2428626655990533
1.1440569604480004
1.0367438997057652
0.9309592737958582
0.8433632379867385
0.7550634852049875
0.6778899776093354
1.3387429947390608
1.358664437235762
1.3615466971762673
1.3219720719988355
1.2241984301226587
1.1089415158950129
0.9930842732197204
0.8967519713476542
0.7996543661936693
0.7148775535688352
0.6331422528536624
1.372784366325525
1.3900196683852428
1.39260516052822
1.3743184690465453
1.2884295562694863
1.168571186402117
1.0446861220097792
0.9410358920278431
0.836493167238344
0.7452761142240882
0.6574539560745715
1.4197786418774025
1.4212174273540403
1.417348785333486
1.4039494204872858
1.3551916655069902
1.3141733533404216
1.2341196594086012
1.1021058807366428
0.9903436481721514
0.877367182599775
0.7788626830163885
0.6841505565992874
1.43152639275085
1.4443921972133178
1.4412360118692593
1.4144788816220366
1.2997757971641777
1.1611005136512718
1.04120389296808
0.9194832208876886
0.813307867812328
0.7113863998924199
1.4657916657404761
1.4639050199357835
1.4593083650454959
1.4377076482846844
1.425270790548149
1.3773800044847306
1.3143749370537638
1.2354533001259096
1.1061082868868384
0.9732566432721378
0.8571416404586624
0.7458254519545557
1.476005833578205
1.4732677163503543
1.462893369388161
1.4389788426691426
1.4058491134616795
1.3559110594149906
1.3050643954056278
1.1688059568198081
1.0255615472417499
0.8998301569129099
0.7790457700496637
0.7927713640074177
0.789665300699819
0.8790134285353507
0.8898049179591724
0.8649770387197646
0.9648648971369039
0.9613751962770057
1.04264199500201
1.008561979790732
1.1368094272186597
1.1405782772682276
1.089831883734761
1.2105706909375202
1.1888159692177396
1.2205812082971763
1.2414698751380093
1.2675895219846975
1.2871739447100574
1.2350946019511644
1.3109686835193246
1.3288700844268753
1.3076224572864426
1.355469022084301
1.3522719779543817
1.28139094643923
1.3430898763597423
1.3839361410726998
1.405936222731607
1.3935033579539668
1.2939700377015229
1.421023424157137
1.3658293106192554
1.41657710962874
1.2992165274180345
0.7272591651023683
0.7427068618982229
0.7892319857463478
0.8057720134192017
0.8157010351368505
0.8820102429236
0.8998052278027847
0.9098767825038916
0.9135450856314523
0.9103561521686833
0.9769684273675077
0.9952335916522964
1.0047679301271448
1.007277257830779
1.0016254329241787
0.9745704530021675
1.042385647363722
1.0604038481132294
1.0694623087470752
1.0711077709423555
1.0705756632707588
1.068027447364567
1.0632126595137308
1.0488136520352014
1.0309369134004
1.103722991721033
1.1216676074090015
1.1293628728217693
1.1288234105363626
1.1251990282754738
1.119199199009422
1.101689014435831
1.081971790853668
1.0415009824382095
1.0002791765319372
0.9174836328387626
0.8791428982302778
0.8238270571476555
1.1731559787351247
1.1894289218459893
1.1952890694475626
1.1949593605313042
1.1920874888223785
1.1857039837952283
1.1792921104480263
1.1578495168825502
1.1348905676147851
1.0951596527298084
1.0418367292470667
1.0045742414605363
0.9497262602978609
0.9056713546975614
0.8457594500719541
1.2113079285252848
1.225986969155704
1.230494268150393
1.2254837426752934
1.2191360615039537
1.2099963237934521
1.186083688053763
1.1608405260565875
1.1111997363939559
1.0606893616289055
1.020367583576829
0.9616326591764415
0.9162193691888069
0.8516020946918719
1.251381760611448
1.2635851443613273
1.2657808360574625
1.257945397081259
1.2392163382852317
1.1843238507003366
1.0756591820433854
0.9687902231297327
0.8513191712990162
1.281546349749097
1.2856489787739391
1.2812999768835325
1.266795650684495
1.2536197006982364
1.2244887928511659
1.1932237448819598
1.136422125258382
1.0784236730993602
1.0406656130114202
0.9659432273362051
0.9181449542788149
0.8439970946659757
1.2968576251497144
1.30351108875226
1.3001159493714418
1.2862552861172054
1.2729386251068553
1.2617686517480664
1.2288811654988934
1.1946534267423765
1.1288830316071146
1.0698636844765672
1.0171323354423072
0.9514719546204686
0.894202885959523
0.8223246533565978
1.3025459115120486
1.306272019194955
1.300585421263076
1.28416470065203
1.2709789555077544
1.2551279301664198
1.219368317458683
1.1848591616414577
1.118554907403463
1.0541918722162473
1.0135045963334122
0.930442944566956
0.873216998020988
0.7979123179449561
0.7047418119165768
0.7211679387477223
0.7636534292053614
0.7811829662669563
0.7910755180717944
0.8514874832991873
0.8699730671530324
0.879728690772697
0.8741113899492072
0.9404973889779841
0.9597902827054068
0.9661072480160163
0.9683892302697311
0.9586659345011233
1.0017894462107424
1.0200798307644459
1.0254129823326972
1.027958789893872
1.0248284899718025
1.0143796226502915
0.9867507897523737
0.9530505476606654
1.0583947490087273
1.0764598140151742
1.0811824886206922
1.0826971285629596
1.0770049521411693
1.0647518771030733
1.032327524894721
0.995161100144297
0.9157980231923712
0.8233451576125291
1.1217119362496597
1.1378829600521192
1.1416974563843478
1.141610972200242
1.1326242482020428
1.1172621880832947
1.0849668827229597
1.0366463699636703
0.9480213526525788
0.8452775861306995
1.1562806775381709
1.1703737214613066
1.1728616238242666
1.1720080456482942
1.160733441806082
1.1431555112523086
1.101797892635455
1.055511388282802
0.9599580123186603
1.1913924649191572
1.2029852371422955
1.2013664947608707
1.1667467609814917
1.0705304320383886
0.9671521525244912
0.8508663415225991
1.2172616242884229
1.220614561109478
1.2204399225032552
1.2162269748209715
1.1994660785584734
1.1760966617738124
1.1272780093014407
1.0734342018344853
0.9643681563876403
0.8435624822573463
1.2281739962678508
1.2334328488795823
1.2303615379568726
1.2253377476313807
1.2046621750062956
1.1780664695404695
1.1204403839539723
1.0651500799771605
0.9778001198315145
0.949987820835635
0.8219244334123981
1.2302402930382597
1.2326400582246828
1.2284867851242582
1.220493369167029
1.1964192178529727
1.1688865696579454
1.1102628036211064
1.0496894647074133
0.9290542431809243
0.797543252991486
