7.082876307982843844e-02 1.019608776693644359e+00 2.131912038761170081e+01 5.380847111371354075e+00 1.430723412264025995e+01
7.025423282855462748e-02 1.021538272019303584e+00 2.947339235260657375e+01 3.620521067568160944e+00 1.350725574265593920e+01
1.082064395460767270e-01 1.043834980017923630e+00 3.848188792925995028e+00 5.540574802655554798e+00 1.462615697338694254e+01
5.574538426332410757e-02 1.009282925116706586e+00 5.772618930689458239e+01 5.286617636005138898e+00 1.430705761269767962e+01
6.913962069111931341e-02 1.014886350737508769e+00 2.082705956399377456e+01 5.759829163456693379e+00 1.430990488743886857e+01
1.040717361757891313e-01 1.037981649607087942e+00 6.291606520374816824e+00 4.754619877040981102e+00 1.370360064466620820e+01
7.219572073526178690e-02 1.018551801884617136e+00 3.122405353121120442e+01 3.283844025503684705e+00 1.292325408220292182e+01
9.147750742720212047e-02 1.023740327722643784e+00 7.119124268607656347e+00 4.894585700794689131e+00 1.405579950675659973e+01
9.160212234299783263e-02 1.029887854997073582e+00 1.189418942397343670e+01 3.574395733300643307e+00 1.306091634926884026e+01
1.054444702792589478e-01 1.050961105223386483e+00 6.204102391896733515e+00 3.965120130174994983e+00 1.378586221809298351e+01
6.486094119833098193e-02 1.025573744149018474e+00 3.904418454080018108e+01 4.315555890213152779e+00 1.403910932262873779e+01
7.111670219557303385e-02 1.014408088017148213e+00 2.449974546374317086e+01 4.157650589703030697e+00 1.364611113567388045e+01
7.185676300622295676e-02 1.016850642568558838e+00 2.199808211510595868e+01 5.030928463814569263e+00 1.419069617373397207e+01
5.884585125291226515e-02 9.919454448001328029e-01 3.065428474068359321e+01 5.969988985135004533e+00 1.459575307709377512e+01
5.248277511137932477e-02 9.793204442613987482e-01 4.530197249063422049e+01 5.306779481574301016e+00 1.441429981643695868e+01
5.913393034813729798e-02 9.881591255259710715e-01 2.958935410561928236e+01 5.690557721606091413e+00 1.443169942028143637e+01
6.109427594542120310e-02 1.011285553095471412e+00 5.599546682962397881e+01 3.840517757583808311e+00 1.339759188113984578e+01
1.075773476256608047e-01 1.048266157301970702e+00 3.216641107606981187e+00 7.759265826302854663e+00 1.538093288063364206e+01
6.923942298189909861e-02 1.013354826240342010e+00 3.577467010431253414e+01 3.172232747485776549e+00 1.303351544220209135e+01
6.430914619306170310e-02 1.003544117271107483e+00 3.284589324067962934e+01 4.216226804661554084e+00 1.367093254894196974e+01
8.504939468238639777e-02 1.020399897564183034e+00 1.046383294791105811e+01 4.627092180262490473e+00 1.404878392808937981e+01
6.554941393097411806e-02 1.000388946609443108e+00 2.551098368078135792e+01 4.532944884903390204e+00 1.400782419101610543e+01
7.789226374633986816e-02 1.021482286484559632e+00 2.481897571390100410e+01 3.385109123988380375e+00 1.295023446258240973e+01
6.022250282200718868e-02 9.934756374075564000e-01 3.110364607303040430e+01 6.243665429364007480e+00 1.456002141359933688e+01
6.042670625373553622e-02 1.004418005993173324e+00 4.319377883903359816e+01 4.836393148834801536e+00 1.383387014055154118e+01
7.438137063489831668e-02 1.032329674930297481e+00 3.343953591488270405e+01 3.583786393011352267e+00 1.309753687493135743e+01
7.685616429353796242e-02 1.015420151711133867e+00 1.604810073076581745e+01 5.000764042097904927e+00 1.400629652888703802e+01
8.145939514653255387e-02 1.012440596271976689e+00 1.787650200602773509e+01 3.161171482895158480e+00 1.269730948515485736e+01
6.111382504107015778e-02 1.002227500737570054e+00 4.863200548317044536e+01 3.749555291529922840e+00 1.328645034226399346e+01
1.077859064069695560e-01 1.040069263663529808e+00 3.818700577311194166e+00 5.821103113969260612e+00 1.470331673559014085e+01
6.563404251711416060e-02 9.966036897277790185e-01 2.126111781517045785e+01 5.262396783821448487e+00 1.428329270150466712e+01
1.051453864595968124e-01 1.051646675421208155e+00 6.429658441579395145e+00 3.890274233356833200e+00 1.352893894437688971e+01
7.419928329126254662e-02 1.021595795267722595e+00 1.954138306911783829e+01 4.575362417139525739e+00 1.385195081738633860e+01
7.530130209919634610e-02 1.021151362268478024e+00 1.671099704194709545e+01 4.779745959769733155e+00 1.398312962376294522e+01
6.021993565471148863e-02 9.812655162559246191e-01 3.037241131912033154e+01 4.923356902693180714e+00 1.390055869654342580e+01
5.102305352391899723e-02 9.785716590259897485e-01 4.751647491131736700e+01 6.383402507209525290e+00 1.492018400605689088e+01
5.682232058978713141e-02 1.001630039199119526e+00 5.186848652832792794e+01 4.382094992950599455e+00 1.410755497451036611e+01
6.953199061429986283e-02 1.019898063320682891e+00 2.779119593301031799e+01 3.714776434872634425e+00 1.383065927508032011e+01
5.897208681293956284e-02 9.951307300003144896e-01 5.207520893011096064e+01 3.977708189446279796e+00 1.318692677235799948e+01
6.478268805718939705e-02 1.008057162536482254e+00 3.312347108461617751e+01 5.289948015906052348e+00 1.391082493573000178e+01
6.449131788244957808e-02 9.974038186693938712e-01 2.170671268160544898e+01 5.174725248976291603e+00 1.443297423303805971e+01
6.399681368549403615e-02 9.977778372140478913e-01 3.147284636555178849e+01 3.865481606437095596e+00 1.355360305013078914e+01
6.087420200539443715e-02 1.000472207388578560e+00 4.642879557458849860e+01 3.732270165769788317e+00 1.331095788606818431e+01
6.437702510067255801e-02 1.003049957058754105e+00 4.701256919431016001e+01 3.169877459518654739e+00 1.287869134060207799e+01
7.790953226882621485e-02 1.005781125948911114e+00 1.314986391743998695e+01 4.911493503028053986e+00 1.402230963553109788e+01
5.302044531290431989e-02 9.874096675685936075e-01 5.476486633037145424e+01 5.195355881186877411e+00 1.426833638843063845e+01
6.882916069230776701e-02 1.009514766534525876e+00 2.362875924840346187e+01 5.902947683458327433e+00 1.406251307515984195e+01
7.597251841412815121e-02 1.015887507955788305e+00 2.391073218301049508e+01 3.303625110891747596e+00 1.311681353292247465e+01
7.563932051442896765e-02 1.007640777757047967e+00 1.346563259573099991e+01 4.638781413515999041e+00 1.420263845779254019e+01
7.094877649575848100e-02 1.015757565917557059e+00 2.646744407543065591e+01 3.993126729792594531e+00 1.353311490807382178e+01
6.366344941801768686e-02 1.009520598567730687e+00 3.632298606461338863e+01 4.955617405430904121e+00 1.390330342661982321e+01
6.664039662377210793e-02 1.013435759265231217e+00 3.543675479708542042e+01 4.326040375535280091e+00 1.335171100173182523e+01
8.366520060937090997e-02 1.019600096121113131e+00 1.343522360371848912e+01 3.747396723017532238e+00 1.339720331121067254e+01
6.723527043814421511e-02 1.006828826238651775e+00 2.507335774114207538e+01 5.066410195441946485e+00 1.410599538917711904e+01
1.073518628654996365e-01 1.042742690755935842e+00 5.807396641985123509e+00 4.525702961134786761e+00 1.359972811853494612e+01
8.502364288137621851e-02 1.023466568511200991e+00 1.214660850531311098e+01 4.272776392890156316e+00 1.369268018653282937e+01
5.664756670269725791e-02 1.004968384254519842e+00 4.408139343876198524e+01 5.385875727992789130e+00 1.438103871573857617e+01
7.045004413755691364e-02 1.004709844195908586e+00 1.591328079447919386e+01 4.905045911447508900e+00 1.436835015549484851e+01
5.511911226758841459e-02 9.934758419278546526e-01 3.867952361432581654e+01 6.752643345752730397e+00 1.497723092002958722e+01
5.788269722724093125e-02 1.003031822028016107e+00 5.996277219230796618e+01 4.673017125250032322e+00 1.372512432617969758e+01
7.146081189840344794e-02 1.027438285353547309e+00 2.724807968192106955e+01 4.142900380741778577e+00 1.368671135619648993e+01
8.118872769361368258e-02 1.008538758561719595e+00 1.373579779405138268e+01 3.621067787685463113e+00 1.323736415810774325e+01
6.110037106884991936e-02 9.992138288326671836e-01 3.396653134282718156e+01 4.420824966320767047e+00 1.423966860646395105e+01
7.142074203787204811e-02 1.022778076425226335e+00 2.467879967875281721e+01 4.250514370671533371e+00 1.374127438931487077e+01
5.661400239616066338e-02 9.933306119263310974e-01 4.116268007356160297e+01 5.791993513036985952e+00 1.431245254677437906e+01
7.229828871178030358e-02 1.003195304935173171e+00 1.354137521978609726e+01 5.426383341730362631e+00 1.472723445262121800e+01
7.771765395245289199e-02 1.034820105506516708e+00 1.530415483138586197e+01 5.448079481423424575e+00 1.437533679074508974e+01
6.877892432047270910e-02 1.002163415024921012e+00 1.832809114626033775e+01 4.656711582558337170e+00 1.414338090252521418e+01
5.796468705971756508e-02 9.933029934850539089e-01 2.845826673861121492e+01 6.075797692195370026e+00 1.499263869699046126e+01
7.176777808932384428e-02 1.030771590985452679e+00 3.286970380881012233e+01 3.223783895803687738e+00 1.318243324401301564e+01
6.341011243536483211e-02 1.006771287108535251e+00 4.467581812152734244e+01 3.949673066983308001e+00 1.347089225602768536e+01
7.883410476180444104e-02 1.017622767122725591e+00 1.281293608578656418e+01 4.692539441892528806e+00 1.402606442655680219e+01
5.206507305300484001e-02 9.851055576350850052e-01 3.346198370502443709e+01 8.530430755654872854e+00 1.552507512030030412e+01
7.996522746089049227e-02 1.016349487836103238e+00 1.101217337858964029e+01 5.942371455620789611e+00 1.450704144502749138e+01
7.647113982698228174e-02 1.026313499604301294e+00 2.267370881022704054e+01 3.651932354862093444e+00 1.322549783643671972e+01
1.006968118660999945e-01 1.037189928275183082e+00 6.029804387943907606e+00 5.058385295003154702e+00 1.392763079919781077e+01
6.833889318641221677e-02 1.012411172309244378e+00 2.783610938631017717e+01 4.490665065994094540e+00 1.371771355604633058e+01
5.211626965290238472e-02 9.809909050542826581e-01 4.225065594643828604e+01 6.312169625872774859e+00 1.485113441678590540e+01
5.404984085059047483e-02 9.856705381654261577e-01 4.664076431796562616e+01 5.456394752117641467e+00 1.414139113903121014e+01
5.769896689329079287e-02 9.959025021363984154e-01 5.386576031615928173e+01 4.631275234181549294e+00 1.376976379800543171e+01
5.623713151783531206e-02 1.009627565382229086e+00 5.567189309634729710e+01 4.640525843321022137e+00 1.434067271849120040e+01
6.346439164697872948e-02 1.007996907448234225e+00 3.574546089498115009e+01 4.251155344597668417e+00 1.385873120525370972e+01
5.196074964650135297e-02 9.781797726615765187e-01 5.596360488926881516e+01 4.917226456580137572e+00 1.398562604045998370e+01
6.361050919237362655e-02 1.009255979777440304e+00 4.391787932529930316e+01 3.672567996320590833e+00 1.317936702022669238e+01
5.327233261328961217e-02 9.952533957565500300e-01 4.883677661710868989e+01 5.640628344316612086e+00 1.473672824775062828e+01
6.326524372427931586e-02 9.994885480095558883e-01 2.649816052961737256e+01 4.270789378642844802e+00 1.399956005421032401e+01
6.517743804393813511e-02 1.004904156630560541e+00 2.847469970775968306e+01 4.166393699946556950e+00 1.378977102288499701e+01
5.144334368021259707e-02 9.872227801978075146e-01 5.207071640820392133e+01 5.441779702253563222e+00 1.468356844938159966e+01
7.446738991899023996e-02 1.018730343870722477e+00 2.284552178332567962e+01 4.170646240381280734e+00 1.348834903221159820e+01
6.561208457752100431e-02 9.990608389972662762e-01 2.883452766243947352e+01 3.944607896381941536e+00 1.350784189338068764e+01
9.155781078739545775e-02 1.033771446727014265e+00 1.293363928119794792e+01 3.741870241694124744e+00 1.271516452988196377e+01
6.228781700325927012e-02 1.006026968230138374e+00 3.834145877590840001e+01 4.242252877106263753e+00 1.369769816291258735e+01
7.186674148730087808e-02 1.006455357025966668e+00 1.312657059503131052e+01 6.006365407556124580e+00 1.482667640052308400e+01
6.815585854706486535e-02 1.003008235390802305e+00 2.041539515711105324e+01 5.441309152692580753e+00 1.435170139783165766e+01
6.202313674112908820e-02 1.003029387741951606e+00 4.831601597486847766e+01 4.235963387286224346e+00 1.330261246469080305e+01
5.811029651000090834e-02 9.881216563786550111e-01 3.049860579255098258e+01 5.100401558847194039e+00 1.459191955621415993e+01
1.051472165766798444e-01 1.048526358010064996e+00 5.459757394725972546e+00 5.016544572099799204e+00 1.402734802330830810e+01
7.552281266930105375e-02 1.035536850217710692e+00 2.555879036779702318e+01 4.000601169087846465e+00 1.362749629250112982e+01
1.000592276236257072e-01 1.045176715191691086e+00 7.976014958213889727e+00 4.000569552176802546e+00 1.347510766212063871e+01
9.255942139246142730e-02 1.033520479377048495e+00 7.930870072380990621e+00 4.609568825541137116e+00 1.389045178919042733e+01
