0.7629075925407923
0.7800141203105236
0.7700640645429175
0.7301685927193342
0.6826279165625083
0.6404306184853041
0.5960258591371363
0.5560350477668772
0.49831596667550676
0.4139723587839745
0.840378029075969
0.8662672989721717
0.874349547482949
0.8756685715131932
0.8421246248830554
0.7885188685080176
0.7383190502495327
0.6847597009643909
0.6363625837524675
0.5882713738715787
0.5418266410335575
0.5033878575676233
0.43034251613424446
0.9213399898702221
0.9330587023580574
0.942214972705631
0.9520522783772432
0.9539440804781512
0.9404777374552699
0.8859689060925467
0.8291419822618111
0.767013983192892
0.7105013736273023
0.6542822515019378
0.5999959471156692
0.5550862947548623
0.43113168115409767
0.9959739851752054
1.017649941408882
1.0224226850030245
1.0290499573805498
1.0304264655124478
1.0280767160089614
0.9833815106386643
0.9218531114175643
0.851261083167513
0.7862660130475854
0.7213971760029712
0.6587422713926782
0.6069369188999745
0.5545089696765101
1.1005882768532707
1.1131763601297284
1.1224039083235413
1.1313588551492681
1.1326900923507157
1.1213769803419302
1.0628412025432061
0.9817482950482088
0.9036866818376308
0.8249327826626341
0.7486984688551532
0.6857037287623438
0.6220360152671293
0.5662231786336616
1.1713635754592049
1.1838638818708
1.1930107070407256
1.2007057577736795
1.201766682027228
1.201101871195934
1.1644208315501898
1.0807641850203524
0.9936786646639107
0.9041611837312806
0.8171084122014544
0.7451583541715296
0.6725180517258538
0.6089005731351922
1.1412221367627078
1.0496054810412436
0.9535254396257608
0.8596105064661869
0.7819323943393186
0.6349601173708818
1.2529593659304998
1.2749958149848146
1.2795841066470497
1.2762611107178148
1.2080227263079781
1.113170026580554
1.0099784924804989
0.9081730396140036
0.8238225579905634
0.7387521000635837
0.6643601006223997
1.2994216837732349
1.319183928292461
1.3223722515446226
1.2849459393477856
1.1911556166288904
1.080308112026417
0.9687589374661224
0.8759432130892377
0.7823364167329258
0.7005581580755003
0.621642605339171
1.3329759553506366
1.3501121207110833
1.3530072030665812
1.3358670977943166
1.2536372625792178
1.1383747644490414
1.01906168545801
0.9191539464215942
0.8183212869212545
0.7302851221590764
0.6454422662958177
1.379605971717572
1.3813258166525426
1.3778081481194173
1.3651637998271795
1.3185576163561712
1.2791792943425804
1.2022104410578942
1.0750121520970812
0.9672426627756127
0.8582239209412217
0.7631053034451598
0.6715514090194586
1.3911909760767764
1.404111487383689
1.4015301882806115
1.3761705288098462
1.2660260875913967
1.1324677463160568
1.0168165150417459
0.8993071594836355
0.7967408146514965
0.6981578894744007
1.425630784781441
1.4241171856131678
1.4198546938066676
1.3993529695500155
1.38746527941821
1.3415137629920153
1.2808931988717096
1.2048330176334925
1.0800317815254743
0.951717821945368
0.8394866471330268
0.7317547439417355
1.4362929421446928
1.4338874662921002
1.4241403137842512
1.4013385692924871
1.3695524984742973
1.3215158373093991
1.2725242496031592
1.1410430669240645
1.002645787640868
0.8810372876150284
0.7641107160982503
0.7667441276961549
0.7642256653635837
0.8505593338201508
0.8612762914725788
0.8379007922727179
0.9342486785481796
0.9314085504108196
1.010294122371223
0.9781256647050915
1.1020503619806683
1.106311442461911
1.0580292053139355
1.1744300283814841
1.1542129369321041
1.183980894063873
1.205368571087374
1.2301478980919465
1.2497592498279169
1.2004662741744379
1.2728373086981986
1.2908332160335076
1.2709869054894345
1.3168840788299556
1.3144200240973567
1.2467828817378337
1.3067733192966142
1.3451068019580523
1.3671759807289046
1.35574713483111
1.260366536252772
1.382850014078956
1.3302558967881106
1.379509182372138
1.2668190147495424
0.7035053220078036
0.7185674204111783
0.7637931483950506
0.779939968376878
0.7896962305328954
0.854184158645838
0.8715862371289568
0.8815207633064948
0.8852806779092175
0.8824206933142766
0.9468747578326281
0.9647893547850713
0.9742434149216427
0.9769327989348069
0.9717301159306937
0.94603410133511
1.0108635476527266
1.0285771824125571
1.0376110263162153
1.03937605930222
1.038965793655864
1.036644038727997
1.0321345547958067
1.0184805711122666
1.0014294088678775
1.0709877691710494
1.0886791995843794
1.0964117339516064
1.0962038445286206
1.093113935414974
1.087210712465542
1.0705588331614586
1.0517266438668122
1.0129617587513928
0.9734083622819888
0.8938728459365043
0.8570191433160546
0.8038273092175587
1.139247530561294
1.1553539362606313
1.1613531332800289
1.1611974450570897
1.1585960694111412
1.1526160433205757
1.1465459512917202
1.1261157910522868
1.104139101329571
1.0660361810303016
1.0148131964199962
0.9789823906362939
0.9262149183918333
0.88381260245257
0.8261718066380827
1.1768908957895405
1.191483237032929
1.1961831388359212
1.1916759988601735
1.1856978016121233
1.177035197967479
1.154205641096581
1.1300277835953436
1.082363943933315
1.033777727735317
0.9949927071750803
0.938438931299593
0.8946896862543278
0.8324071517008662
1.2167147698406955
1.2288152592061585
1.2313205975095993
1.2240733978753646
1.2062864596664198
1.1537027670895625
1.0491471759912674
0.9461818463509556
0.8328655466339412
1.246733629803551
1.251196087888031
1.2472175430981487
1.2334976022446398
1.2209373801219434
1.1930290812584519
1.1630094657639554
1.108351978875981
1.0524723791713964
1.0160672162085527
0.9439671221655471
0.8978456592354725
0.8262432287545619
1.262345606554134
1.2691890619105552
1.2663208763176126
1.253182232240432
1.2404838750530558
1.2297922801046588
1.1982251486200381
1.1652966731017174
1.1019321785133582
1.0449823823816342
0.9940705476572024
0.9306509883513902
0.8752848622089876
0.8057807835772748
1.2685352486192736
1.272539459033496
1.2673677467669278
1.251793100587087
1.239187993783319
1.2239738508290774
1.1896116407560577
1.1563743929630694
1.0924192139941937
1.0302622002619597
0.9909563867849404
0.9106432530377621
0.8552761467445801
0.7823785777315718
0.6819447701452548
0.6979791284728177
0.7392941773393673
0.7564279674746092
0.7661959430652762
0.8249271403477664
0.843032591063143
0.8527197843761912
0.8477473902281456
0.9118902770913437
0.9308494979884425
0.9371327750330731
0.9394666245380785
0.9305854760327448
0.9719093574456671
0.9899275053743675
0.9952531008308036
0.997887383033174
0.9951724550777004
0.9853342006001539
0.9590082736013532
0.9267563841254153
1.0274618106515736
1.0453143980257835
1.0500686519146298
1.051724423278783
1.0465531043116785
1.0349747556218807
1.0040320126344564
0.9684232877823263
0.8922289768035534
0.8033565767641394
1.0898046678633684
1.1058697870419045
1.1098011297656998
1.1098791650848796
1.101560242634618
1.0869729487206377
1.0561053074848885
1.00975261076772
0.924550456972832
0.8257005424475804
1.1239759665388385
1.1380394677590702
1.1406609097041973
1.1400491362242746
1.1295146091273631
1.1127965035939376
1.0731974245734424
1.0287263283338726
0.9368029329630941
1.1588746604044406
1.1705462369744295
1.1694099724004792
1.136564707160417
1.0441400823448344
0.9445803657815124
0.8324220331417177
1.1848297470990843
1.1882978696260784
1.1883366087649783
1.184488865618748
1.1686349441945347
1.1463017512565565
1.0994319858522286
1.0475986206503025
0.9424264475951019
0.8258172982795751
1.1961949855677112
1.2016807060239127
1.1989602823478276
1.1942587211551743
1.17457724198376
1.1491056440498166
1.0936852359221187
1.0403751115675457
0.9560594500682722
0.9291982919510148
0.8053882871683087
1.1987777202159906
1.2015378194636606
1.1977347651038115
1.1901820396452447
1.167210255702019
1.140777398738905
1.084316712760823
1.0258598549907103
0.9092835113202982
0.7820165614692588
