0.7962371153201259
0.8140372679426212
0.8034778344179679
0.7616888226126327
0.7119194622745196
0.6677482442958983
0.6212647661919577
0.5794004576329385
0.5190121631925919
0.43075242300826133
0.8770294955090664
0.9039838903135993
0.9123756959543292
0.9136717733039754
0.8784806323562249
0.8223542019281959
0.7698096970687774
0.7137524593231912
0.6630991634760812
0.6127675473159594
0.5642434002481677
0.5240112072973854
0.44756091452887337
0.9614249890814752
0.9736258087169416
0.9831538810633519
0.9933698185459633
0.9953260034397766
0.9810856033525467
0.923988746994957
0.8645074361202163
0.7994931938774991
0.7403529768426418
0.6815297684064124
0.624809927172283
0.5778178256618315
0.44812993792338335
1.0392026236975025
1.0617556176585097
1.066714637984141
1.073575756709859
1.0749739450670643
1.072462849431791
1.025588498121812
0.9611775648407656
0.8873371294491998
0.819305029916135
0.7514361477659051
0.6859805506212469
0.6317864648112195
0.5769460245784134
1.1481772890287538
1.1612694572682811
1.1708587278453555
1.1801277319570846
1.1815000182459776
1.169525211282872
1.1081951925686382
1.0233354167226256
0.9416746181928727
0.8593470513306858
0.7796575187537134
0.7137795049171684
0.6472060022004694
0.5888492571039114
1.2218641601522229
1.234860639673874
1.244356940799947
1.2523120272891406
1.2533919063656969
1.2526447178151086
1.2141280904383727
1.1265650382779173
1.0354675582670547
0.9418479815248294
0.8509050789566334
0.7756778539150783
0.6997386525599272
0.6332850047352777
1.189598951990366
1.0937605800615466
0.9932846532724751
0.8951743293407703
0.8139675822507049
0.6603490690724334
1.306768361456522
1.3296334655108661
1.3343244181934042
1.3307785474833753
1.259251358824584
1.1600184990986568
1.0521117785433964
0.9457602023076682
0.8575885582530183
0.7686785207811442
0.6909380119690715
1.355083268947458
1.3755656068243427
1.378779054268941
1.3394457681284555
1.2413171684682318
1.1254046695873234
1.008877200497182
0.9118696164738989
0.8140528915854934
0.7286065266293004
0.6461853865160601
1.3899395464447661
1.4076976053205936
1.4105919902743882
1.392552795427018
1.306457863656452
1.1859254898662996
1.0612876132090243
0.9568772124065269
0.8515220463982255
0.7595470787421001
0.670948390191136
1.43829399523984
1.4400001097420485
1.4362605135865327
1.4229699270601224
1.3741503805456148
1.3329533302073664
1.2524351244001932
1.1195894526940025
1.0069730564028927
0.8930763788239973
0.7937132529104278
0.6981212980123427
1.4503430087210847
1.46362024906338
1.4608774126006723
1.4342347256560761
1.3190313656762602
1.1794681986621047
1.0586239474161032
0.9358717682829103
0.8287295973396853
0.7258194384629223
1.4859339358163186
1.4842673940686324
1.4797760845586818
1.4582474316624197
1.4457889672255089
1.397705264350886
1.334355943905549
1.25489936561583
1.1245013010530744
0.9904759908785514
0.8732568408471665
0.7608073444929357
1.496857208594335
1.494272386083087
1.4840122089306889
1.460111666194584
1.4268605314131688
1.376681146330394
1.325475669139099
1.1880975090245052
1.0435479062384958
0.9165754340005183
0.7945169933068826
0.8001553701041477
0.7973863767585322
0.8875517621179587
0.8986556312290105
0.874074703255515
0.9747452164756437
0.9716254069539243
1.05391370408925
1.0201074879705723
1.1495422165660087
1.1538140216693213
1.1031782780410935
1.2248304181076621
1.2034853052404348
1.2348592103147789
1.2568397782147926
1.282867190533957
1.3031467256806408
1.2513781511813669
1.32724161304047
1.3458330934266256
1.3248957338645957
1.3729472556020645
1.3701971405319404
1.2993151748993546
1.3618699213482472
1.402246021116141
1.4250701261083116
1.412950455652732
1.313135081705547
1.4411230485148028
1.3859759079770475
1.4373661816938281
1.3195330942933914
0.7341264760151325
0.7498087411244333
0.7969685237935821
0.8137755278285538
0.823914562788846
0.8911610699501729
0.9092656278159537
0.9195783752606111
0.9234409322198089
0.9203900644326475
0.9877014527370326
1.0063292422661076
1.0161306489795536
1.0188602414481285
1.0133517371473075
0.9863915881622157
1.0543161044797726
1.0727234744485035
1.0820734696342196
1.0838656163690952
1.0834068889849677
1.080941734437899
1.0761909414239923
1.0618587191937041
1.0439890250513415
1.116874346550793
1.1352448718707777
1.1432321733956912
1.1429243108698237
1.1393814992998608
1.1334387544189606
1.1159774571237195
1.096248892197951
1.0556721681090677
1.0142866086932731
0.9311181616636306
0.8926088491090083
0.8370167455718508
1.1878434174316377
1.2045516965247853
1.2107191364803298
1.210506142390228
1.20774080833804
1.2014423577336615
1.1950665079814817
1.173645100603727
1.1506416869332179
1.1107697110975392
1.0571831604201205
1.019735222534381
0.9646874617917665
0.9202958893562493
0.8600463061309435
1.2269449758252293
1.2420638496373186
1.2468724009448873
1.2420693226877846
1.2357797920895366
1.2266873386187076
1.2027614933604778
1.1774528502112356
1.1275901589750554
1.0768264183130316
1.0363071954264462
0.9771899875180173
0.9314530302004504
0.8663865467295989
1.268148938362788
1.2807801599481898
1.2832928763383449
1.2756240142815372
1.2569569649448669
1.2019080499619688
1.0926843168248939
0.9850448660657509
0.8666489084134765
1.2993428316615738
1.3038576946376608
1.2996368342202689
1.2852157256991026
1.2720571590380543
1.242847223554665
1.2114725453168385
1.1543605231548923
1.0959503578959857
1.0578811805196098
0.982592757866435
0.934392638848671
0.8596033003631169
1.3154211699122043
1.3224490468964063
1.3193498509181556
1.305555435504411
1.2922572613088328
1.2810888125205282
1.248098594657522
1.2136390491200244
1.1474028788792112
1.0879043010796183
1.0347021048446452
0.9684775720860436
0.9106607884601448
0.8380877790309892
1.3216936825599301
1.3257783811727097
1.3203107915496473
1.3039841022478067
1.290777899955087
1.274867959129998
1.2389107101216663
1.2041621081557359
1.137332422468502
1.0724041960373958
1.0313511314913117
0.9474857703500135
0.8896781488797739
0.8135847627112448
0.7115617776616435
0.7282521956072893
0.7713313616283142
0.7891592140689734
0.7992949216846659
0.8605451255725062
0.879380785199233
0.8894133017893967
0.8840887546516478
0.9511010055588411
0.9708029307197724
0.9773106103907304
0.9797090369569106
0.9702852961219263
1.013562120276533
1.0322753464348586
1.0377857732212767
1.0404850073504042
1.0375600602175885
1.027211335182474
0.9996149926367509
0.9658483337241769
1.0713440439383435
1.0898705774809372
1.094779672417465
1.0964467515136855
1.090955580604183
1.0787895035517563
1.0463668360321214
1.0090927261403808
0.9294060855059559
0.8365266640945346
1.13613566287582
1.1527822951265312
1.1568171181099944
1.1568519646646922
1.148055637933778
1.1327543082041882
1.10042309752394
1.0519117803934532
0.9629541036000899
0.8595558078448635
1.171611393699816
1.1861691028051833
1.1888443896971528
1.1881441736974863
1.1770338950530181
1.159499864817351
1.1180414126200038
1.071565038849793
0.9754866673456146
1.2077941505692589
1.2198535194626106
1.2185339444491796
1.1840550237000689
1.0874700408629463
0.9833778261033351
0.8661874756804548
1.2346300420125425
1.2381220866599472
1.2381633299672004
1.2340840582879948
1.2174356451985044
1.1940697965973925
1.1450648428687678
1.0908757570175467
0.9809891987489164
0.8591602558771341
1.2462879058864937
1.2519014416064607
1.249006701654521
1.2440741327163194
1.2234655736751536
1.1967772353948962
1.1388160897261363
1.083108025599918
0.9950220823851037
0.9669659025759689
0.8376796046641038
1.2488554413831345
1.251634303112376
1.2475994200878537
1.2396684948057126
1.2155811148166968
1.1879206322303104
1.1288967646757362
1.0678217298333985
0.9460709871019533
0.8132082973868505
