4.042381516645804362e-02 1.034789119095724130e+00 3.594829421223788302e+01 8.767649935678290873e+00 1.345970509754011246e+01
5.147940918118987935e-02 9.421525104855709154e-01 5.299301198668615598e+01 2.145714917091451124e+00 1.306353040496080453e+01
7.621488934713330221e-02 9.840270851354716575e-01 5.445505941059850130e+01 8.442082089864069161e+00 1.647725385339677473e+01
4.906892559991497815e-02 1.047496462630427505e+00 3.337520059476327816e+01 6.404632934121478272e+00 1.405308522943122185e+01
4.165022358755579579e-02 1.020332678951963112e+00 5.456645500969559492e+01 4.234427390215842912e+00 1.462057180064293860e+01
7.283415469254461705e-02 9.561100110189225676e-01 4.153416716056374725e+01 4.622304640928785346e+00 1.693006771003587119e+01
4.977011630850526613e-02 1.081090803169692416e+00 5.643006267846111257e+01 4.876252275017836979e+00 1.619149044575345542e+01
9.734144115643329764e-02 9.354661510266512048e-01 1.478791089661634306e+00 5.850030403597123119e+00 1.526631500829309829e+01
1.021705351272916562e-01 1.069620423045552160e+00 5.974469259266354726e+01 8.293996384315772019e+00 1.530864786604171179e+01
8.027776177997854312e-02 9.729533141500733562e-01 2.227438827024106516e+01 3.895211019949122111e+00 1.437936162575246257e+01
5.268584999992009105e-02 9.886198710205489348e-01 2.246218284604596604e+01 6.141206935232674802e+00 1.515895905404178023e+01
4.316766291020796703e-02 1.000884254000775186e+00 4.515962781830133110e+01 7.561363285084735431e+00 1.652724395829921633e+01
7.536579654244603133e-02 1.076083563043032099e+00 2.413343119481839771e+00 8.460299806408070111e+00 1.451353010791183351e+01
5.205484782653597986e-02 9.233295722099389424e-01 2.027347023824795613e+01 8.916180736614265356e+00 1.324949868278743104e+01
8.867517582676537335e-02 1.062366119448848512e+00 2.546374787422580610e+01 9.971570535423861514e+00 1.649115870157620023e+01
4.139582693055618434e-02 1.014130567386970938e+00 4.571123606719066856e+01 8.789076925290505216e+00 1.249320474902584088e+01
4.813900890727094983e-02 1.002958961632481882e+00 2.380981261988508635e+01 6.236875671869052340e+00 1.759353865440286668e+01
8.519094826413381449e-02 1.095209767419865976e+00 3.270089437250249631e+01 5.960550371141060566e+00 1.483407019210514832e+01
8.896231596013870480e-02 1.061146381133710292e+00 6.017966825866843728e+00 7.917870580759694299e+00 1.737788157145868695e+01
9.678501382838440581e-02 1.012074732883788242e+00 2.785499723618296386e+01 9.485624057830399636e+00 1.554823899804492626e+01
1.086805126973090507e-01 1.091634091503776993e+00 1.015944698442137373e+01 2.205931552363083359e+00 1.348806302348753050e+01
9.878782896833616933e-02 9.349521637386332129e-01 5.829681388678868359e+01 6.382512218679995186e+00 1.711429093333183715e+01
5.856950509765643936e-02 9.213713479642849924e-01 4.188067075443843379e+01 3.545963841831027974e+00 1.743375211332876873e+01
1.099269152004970773e-01 9.654412072193674366e-01 5.991341311926507984e+01 7.284388864542936659e+00 1.326955523966532269e+01
4.194526268111981732e-02 1.052543570118134486e+00 3.098566227978293242e+01 4.958259586342970593e+00 1.784096367483146039e+01
9.234024851319527771e-02 9.696741160109362268e-01 2.400253148031504224e+01 3.871683363017595969e+00 1.527649777220903538e+01
7.749401882298510846e-02 9.058670502320040896e-01 1.587963801101312633e+01 2.990054698485458129e+00 1.779240723842307759e+01
4.503334094344943472e-02 1.049794465890353745e+00 3.779668561962918716e+01 4.677669146779895648e+00 1.758414473930068311e+01
1.089700128122543799e-01 1.039855753487502810e+00 1.904441822603823198e+01 4.102030538494654266e+00 1.746942625895170309e+01
7.987529777590475499e-02 9.189346645188788409e-01 2.884758447423581984e+01 3.013629701166362640e+00 1.465554601417220937e+01
9.643462700437477331e-02 9.170694198695109600e-01 1.119503376558988528e+01 3.957691495202338761e+00 1.406904890535590447e+01
5.375651262923226981e-02 9.917630140183268939e-01 2.412940531035321712e+01 9.553661875853940444e+00 1.268591066801348255e+01
4.682768770127061775e-02 9.299839735501570503e-01 1.262285677450466537e+01 5.474850532751894150e+00 1.236802587714067947e+01
8.703805984224247116e-02 9.530300592430570594e-01 8.787305662305154641e+00 8.128150915079613625e+00 1.209249118476564355e+01
4.861400644373810309e-02 9.150599157501602132e-01 5.874296028842498174e+01 8.679487948415143705e+00 1.459328931404454011e+01
4.953045160874486319e-02 9.556904026980487243e-01 3.364489793887899083e+01 2.021554926727604506e+00 1.762781092688194207e+01
6.185293493951425636e-02 1.041790149762768181e+00 2.856264516317082425e+01 5.603700363644758653e+00 1.525519154556986479e+01
1.074549470000868145e-01 9.658715558825136105e-01 2.077868525805395805e+01 8.607815315906533371e+00 1.281346244561246550e+01
6.718440874318640232e-02 1.045617542002841516e+00 2.663096955438507862e+01 6.847870904396688552e+00 1.514163406920361510e+01
6.542684388332670187e-02 1.027655860647224140e+00 1.568673043241879128e+01 7.847853751001023781e+00 1.631775806445211074e+01
6.104021648359215374e-02 1.040594574314913867e+00 5.350539432488808700e+01 5.139984828131371586e+00 1.329108397922067475e+01
4.738631694531741934e-02 9.085165956540605103e-01 1.724244422559374357e+01 6.286888945730929379e+00 1.438819676760988742e+01
6.312954658462560653e-02 1.073339428848449906e+00 1.877376838359424127e+01 6.563269556750326750e+00 1.519231449345780049e+01
8.562885140522641381e-02 1.018612644809369527e+00 4.405019924389168295e+01 4.313507808109493524e+00 1.682664996699053006e+01
6.342975887983214045e-02 1.042307174953949200e+00 1.799172846962332173e+01 7.862345193308706293e+00 1.416247271314930600e+01
1.059154326051498785e-01 9.269053789587592407e-01 7.663935256978813726e+00 3.938111851272422914e+00 1.342191454702346576e+01
8.076143884615200053e-02 1.050874299290164959e+00 5.895584794468336298e+01 2.924164842674519260e+00 1.503875089871343818e+01
6.517185074415877966e-02 1.098502555156233740e+00 2.027475922248148876e+00 7.538893731302710677e+00 1.677304079622826549e+01
5.876132723063266783e-02 1.060062524587778832e+00 1.746684084640567747e+01 4.593342853475760990e+00 1.538194754180305956e+01
8.543560069711797489e-02 1.044446787533645837e+00 4.436629248757448352e+01 2.329304465608223129e+00 1.471933108860668327e+01
7.027885647527858104e-02 1.025002248950479533e+00 9.233375615477021014e+00 4.089392490208176412e+00 1.202910628038804042e+01
5.106827318722138159e-02 9.517493969585968383e-01 5.051489562954401435e+01 4.671633933409498951e+00 1.555561962451428215e+01
8.591566521957562375e-02 9.756779009326684848e-01 5.768399426004367569e+01 6.330809878020993153e+00 1.448104643836098049e+01
9.836672020348315171e-02 1.013119889680906605e+00 2.302388274875730723e+00 5.587389567144093405e+00 1.676320847298370253e+01
9.487055543939804103e-02 9.362456893889093967e-01 3.128879125126872651e+01 3.975768270739207466e+00 1.401850886009801300e+01
8.191667575503527865e-02 1.093405963883067100e+00 2.975577693319334305e+00 4.196662059266179412e+00 1.589113647407635099e+01
8.222247640666233148e-02 1.053917988281030116e+00 5.758931775900807537e+01 8.891946689948033722e+00 1.505716151375387035e+01
5.458454239180698941e-02 1.046410164154734757e+00 2.963028610615609537e+01 7.006933484301913317e+00 1.478423795468629365e+01
8.003814050696146654e-02 1.018072640818731056e+00 2.264934652081452171e+01 5.871550687362155685e+00 1.299732594210355607e+01
4.114928795154647323e-02 1.046212320471923585e+00 5.324392583744222662e+01 3.109345177178645336e+00 1.700744857854889602e+01
7.681143124514339116e-02 1.072924825575516827e+00 3.239517408659616393e+01 6.152921436638120412e+00 1.778341526763463776e+01
9.111468400275160584e-02 9.358908189670924749e-01 3.692422072651796583e+01 7.270955914145468491e+00 1.461266160568892580e+01
7.967685059377802026e-02 9.506257629323967562e-01 7.854301461139140628e+00 6.523068599879486840e+00 1.694077201186283332e+01
8.817138615094873011e-02 9.598659660522100845e-01 3.376331087644545903e+01 2.778795975617198266e+00 1.216102665399184168e+01
8.493795199974213395e-02 9.426305965479875315e-01 3.050679336679153408e+01 3.838044543045205703e+00 1.712896898992712025e+01
1.038834157959936388e-01 9.195701399969093970e-01 4.601059265819557709e+01 6.679221574934180339e+00 1.493185376494791683e+01
9.404421760312603462e-02 1.023938941479320075e+00 2.859626212847771498e+01 3.250242709110178652e+00 1.448902344112471141e+01
6.458137532789635926e-02 1.040157245802577179e+00 4.503070024922570269e+01 9.636462958419389935e+00 1.501012750282527186e+01
5.821831013023692769e-02 9.888163536739733583e-01 1.961905483957061946e+01 8.320465170468777316e+00 1.218880817247567805e+01
9.806521533470353991e-02 9.585427898083159759e-01 2.461867095569218833e+01 8.019300475407229456e+00 1.794282697014499561e+01
7.472918028393064904e-02 9.493433366417060038e-01 4.442081196196397741e+01 7.769463758964824329e+00 1.341177932718609611e+01
8.057293646272141452e-02 9.900280053190015916e-01 4.630384177758342190e+01 6.661186879883477019e+00 1.716822066789742252e+01
5.290976862215417131e-02 9.378802064102365055e-01 4.289801079953620366e+00 4.893431916401395299e+00 1.737267706356707464e+01
4.371326666936391214e-02 1.029654511699814368e+00 2.894451422975276245e+01 2.230662537462581696e+00 1.373236844624750752e+01
7.917293537576544638e-02 1.062921772157883638e+00 3.479242626263850013e+01 6.959606208884897782e+00 1.441181431872399088e+01
7.333209943510599071e-02 9.303919129465251237e-01 1.042759239924850689e+01 4.415846970484592404e+00 1.604477868255658990e+01
8.920827689868807142e-02 9.881362191749966106e-01 1.490074733223318937e+01 9.263870514181146376e+00 1.418776729722498153e+01
5.862629225055047966e-02 1.055797728398472968e+00 3.453574098201848130e+01 7.391853934618977995e+00 1.252067191427018855e+01
7.392897770741085894e-02 9.387330929007506874e-01 1.391290489695873767e+01 9.135475238127007458e+00 1.696032038834769651e+01
5.367969424555283503e-02 9.292000853274985372e-01 5.739129247546946289e+01 7.133979523911852638e+00 1.786042282118734548e+01
8.440415447840607377e-02 9.139592327529577620e-01 4.683663113879020301e+01 9.518847796910744563e+00 1.600089192224771750e+01
4.473611535863619704e-02 1.050196376613164340e+00 5.710761462003390676e+01 7.334364207875731623e+00 1.541226049455779190e+01
5.504687453305340261e-02 9.441162834675334015e-01 1.158751550909819983e+01 9.062177073488948409e+00 1.243408027319541453e+01
9.446096518421211174e-02 9.639041674092500012e-01 1.985519565867656056e+01 9.424065030342553939e+00 1.720253523683570762e+01
6.279005030467849080e-02 9.334833869904429760e-01 2.094125959851307783e+01 5.057422294214710234e+00 1.793076046358391196e+01
4.229298741198096040e-02 9.472842554407581162e-01 3.133473779891538769e+01 8.716192059150046134e+00 1.711088900267795765e+01
1.053220905905505878e-01 1.088340111073912597e+00 1.542692183666353145e+01 7.720961551456043459e+00 1.201682141776361590e+01
5.894965976811934044e-02 9.717686261973369488e-01 4.527110125809250718e+01 3.685711461686625334e+00 1.372651099564676258e+01
1.097859494887979681e-01 1.035492465672745332e+00 5.744655338794164123e+00 7.199624921488339879e+00 1.507879252997571484e+01
9.211509423611220770e-02 1.036204999035850172e+00 1.169762643135433322e+01 7.711800479998281332e+00 1.753660751664130757e+01
7.015714481269824665e-02 9.615301757547383144e-01 9.769157503348932181e+00 2.852906268821637337e+00 1.610447399061911256e+01
9.852382739950145407e-02 9.007153250093022923e-01 3.467816345252982213e+00 9.165230291168651178e+00 1.553135177389005506e+01
8.242406418404220336e-02 1.058451312537341371e+00 1.700897621825418815e+00 3.496499162641874658e+00 1.233769530676654824e+01
6.834027304872310193e-02 9.239428564752394379e-01 3.852938590420074405e+01 5.083782615275594274e+00 1.760852394902814311e+01
6.603031834099509778e-02 9.091788236697004866e-01 2.060971465813291914e+01 2.877229274482373533e+00 1.755930084037196437e+01
4.140250130131725020e-02 9.533546766806446637e-01 2.205148584100395937e+01 5.884554100045816583e+00 1.560979501758623478e+01
5.746000761034603110e-02 1.008373776380587339e+00 2.721308898263549025e+01 6.345817146247999752e+00 1.781708440745737221e+01
6.874022489724526674e-02 9.456602053234450800e-01 3.581562388877792813e+01 2.280166306714345836e+00 1.627399493237428629e+01
1.011291193972296831e-01 9.969822706844161386e-01 5.008488657762905305e+00 8.090837548403207791e+00 1.543035643300422777e+01
8.882112183841778252e-02 9.203918868083734717e-01 2.322055907160283184e+01 7.568238825942435355e+00 1.507197642891074807e+01
7.520689841807959297e-02 9.860396991010007550e-01 2.192449937797076487e+01 3.416275127530991274e+00 1.221293328385715604e+01
4.830962305401458740e-02 9.677614055530754378e-01 2.746907531509187450e+01 2.709081926875025914e+00 1.209685656048839775e+01
8.124017004721927060e-02 1.090575522622961868e+00 1.098566407370787168e+01 8.193399707332817528e+00 1.477248928708003817e+01
4.515055621156795901e-02 9.710239456948392966e-01 1.752637399498070181e+01 2.101401097641201421e+00 1.494985475517114004e+01
8.040462715665780413e-02 1.097714861530985075e+00 3.516613565645075568e+01 2.511427741421279780e+00 1.652106374784769471e+01
5.683511470730501225e-02 1.044200471532254593e+00 1.713716202177331382e+01 3.396951820328311111e+00 1.570464285916413516e+01
1.088759473388929977e-01 1.069451669254975146e+00 1.603061750471045599e+01 2.547100337177781171e+00 1.515185119295459160e+01
8.928483764787809029e-02 9.626558722437432714e-01 1.130831337852318974e+01 5.984831227386905539e+00 1.577099887356367169e+01
4.930978473288234049e-02 1.089578167109347406e+00 5.028340463300409624e+01 4.913474662537275606e+00 1.502650435774132376e+01
4.041035987456075701e-02 9.536492623480500308e-01 4.547204462054317275e+01 6.708478558853341767e+00 1.208042605478395082e+01
4.399176793319689582e-02 9.097897626505699886e-01 4.824083589741563571e+01 2.701306050117329605e+00 1.745734290915882170e+01
6.737188760031448398e-02 9.691032756857059782e-01 1.861364422408583152e+01 5.005447218016819022e+00 1.231396423092241932e+01
8.355811080434252802e-02 1.089946314680107164e+00 4.729841640953777926e+01 2.747550004447322891e+00 1.302803682023439258e+01
5.808433342756269546e-02 9.131716295512111170e-01 2.043192235367380860e+01 2.292355847994508977e+00 1.361809108487946318e+01
6.750317927651551531e-02 9.522908940933333399e-01 4.639196644041393824e+01 2.646762457896681298e+00 1.330613105372800753e+01
7.851670039387156907e-02 9.915470980732334905e-01 5.538555882184233070e+01 3.793287200636831891e+00 1.293342617463833655e+01
1.070822564819220168e-01 1.052051831154476202e+00 3.524984853338855473e+00 3.751010337337798095e+00 1.386910161468223279e+01
8.770207592250889306e-02 1.090365426803576288e+00 1.295116286602896238e+01 7.430314492943228544e+00 1.384923622902622320e+01
5.970183969150228559e-02 1.053089912051362376e+00 1.050736960090927141e+01 6.221330008257289990e+00 1.697067182518491180e+01
5.016313887061031596e-02 1.021484483618777306e+00 5.580788877895319899e+01 6.738279100241594044e+00 1.776210859233921013e+01
1.009064274907610637e-01 9.811405295023306605e-01 2.839332375637482997e+01 5.783346729526610552e+00 1.271749706891803733e+01
9.968749962170438128e-02 1.019619152234330750e+00 8.166677993240238465e+00 8.649521699782880546e+00 1.270590682934213689e+01
6.443475668857506777e-02 1.001589637379064701e+00 5.729955725226204777e+01 2.955323923601925529e+00 1.259710058457870296e+01
1.011911574181348639e-01 1.071598644223132668e+00 5.585878131967699289e+01 5.411191954926600545e+00 1.739306183390143445e+01
7.385432717857129403e-02 1.007832051428543041e+00 3.262704833969550577e+01 2.683812593102262944e+00 1.351102013279422387e+01
5.121127227938467724e-02 1.013420391474476379e+00 3.753470934659459601e+01 9.369813639330534016e+00 1.354000030047382985e+01
7.797506357324510140e-02 1.025839288312061726e+00 2.157104441882741952e+01 9.606857008959009292e+00 1.384161063610289943e+01
5.520164325718777965e-02 1.043692796091578279e+00 2.438910410521444305e+01 8.000768197702308626e+00 1.238417634799431610e+01
9.810807085339003086e-02 9.871269439596281892e-01 4.900910235850005847e+01 8.824043440080433953e+00 1.227463093242680436e+01
9.176700245541574708e-02 9.628554606307093700e-01 4.377875201373685599e+01 6.542602400354235570e+00 1.243128624390107362e+01
1.002286666515365410e-01 1.028312430579109593e+00 2.800004105526666009e+01 9.215566851460492259e+00 1.663340300542284211e+01
1.096243873488145504e-01 9.245983927849543704e-01 8.468430834553331010e+00 6.083343788421172960e+00 1.388674760420435916e+01
4.107142822480758237e-02 1.027059731467975023e+00 2.279732181363849719e+01 8.948262226504080985e+00 1.481143830986592391e+01
8.012284048318485397e-02 1.099032145755860723e+00 2.631257184267084526e+01 3.820214132496395187e+00 1.246527543690986306e+01
5.390443637937911842e-02 9.936311153183182698e-01 1.408345863222482031e+01 2.264550573844648085e+00 1.734346541423136046e+01
1.078094744832688023e-01 9.242346124102155391e-01 1.530243004083613911e+01 7.833582709755042117e+00 1.333987355866165814e+01
1.043371072860895810e-01 1.095007605259438854e+00 1.813499038169057442e+01 8.486442538603956365e+00 1.390662167314529896e+01
7.652257772648646261e-02 1.036723231112407273e+00 5.549760269280970704e+01 2.600604646192591574e+00 1.565999428863401199e+01
7.629046454404776745e-02 9.216845378415957635e-01 1.287325919156645604e+01 2.371613437131271596e+00 1.284902502025431126e+01
6.620834817261267435e-02 1.022144911195864259e+00 3.551918627332980094e+01 2.572890678568464651e+00 1.445574882591375143e+01
1.074984621186210465e-01 1.054588760440727357e+00 3.951533065195653727e+00 4.143502169922986589e+00 1.323152148912496173e+01
6.865505529248941419e-02 1.000400886450914184e+00 4.700388900316157859e+00 6.254707335557278647e+00 1.616318618337894719e+01
9.587609578237216157e-02 9.030801821798309925e-01 2.136098384237205394e+01 7.477891722237706595e+00 1.782589613451307287e+01
6.825798712321319572e-02 1.057346087862698791e+00 3.216654587657852460e+01 7.603231403421995438e+00 1.229602929663460920e+01
4.649958204403674411e-02 1.072137867087885832e+00 5.016714072529838830e+01 7.346467714390021442e+00 1.548467478216565851e+01
4.244904465902601953e-02 1.073700133769627030e+00 4.060956738761097995e+01 3.206401737432366339e+00 1.201059575824797143e+01
8.399248579015658467e-02 1.098253305669095958e+00 3.043505931606994608e+01 5.305969120316159859e+00 1.727315464821016633e+01
1.079526564119716037e-01 1.043442959820241933e+00 3.642994411291477519e+01 8.181600787418023657e+00 1.580822248388355433e+01
5.751871101182712276e-02 9.754150507509727897e-01 1.086113664388050282e+01 6.485013084711255260e+00 1.536339277301848938e+01
7.107105341756127237e-02 9.692136755000180237e-01 3.988751631805312314e+01 9.742380917202339674e+00 1.579168824138982963e+01
7.152313270748149321e-02 9.980899859264658058e-01 5.978669458416698745e+01 7.811749986434930015e+00 1.212660868303946060e+01
9.524991110282572671e-02 9.225783013618031880e-01 2.610206887319118252e+01 2.577016194126932724e+00 1.375241951818573405e+01
9.313103256892435455e-02 1.071082624008097284e+00 3.133725648506191064e+00 6.752558506995791632e+00 1.590270870468324915e+01
1.005477715472019862e-01 9.594966384581751218e-01 1.801069557328724713e+01 8.358502696889168249e+00 1.636846784058471016e+01
4.895718401086818911e-02 9.125585737396182395e-01 5.777780140348696136e+01 2.123662791981103304e+00 1.593660508425235811e+01
8.716825231396158058e-02 1.051627680460908820e+00 9.852445484884636784e+00 2.077030452228243451e+00 1.775106671387399615e+01
1.070427738574796783e-01 1.001843192442440023e+00 4.017695979442228094e+01 7.510198973024748703e+00 1.744428250558638638e+01
7.331882091466709883e-02 9.879311407782135346e-01 5.634227340707090548e+01 7.303065519181147103e+00 1.247613932763744948e+01
9.575644625974982782e-02 9.145050162471219934e-01 2.577197060827603536e+01 6.471961676194123214e+00 1.726060803752166350e+01
7.843752938275791453e-02 1.002607890092389598e+00 5.618828601372066345e+01 4.521040638566269365e+00 1.321883947014115535e+01
5.484050643225585331e-02 1.091435921808266984e+00 5.152363217152613117e+01 5.793038408352574109e+00 1.591623002503098405e+01
8.942080349307202081e-02 9.134218988429608777e-01 1.855677838697293325e+01 5.691855647195847467e+00 1.274398428277617512e+01
7.179435504471864959e-02 9.664121146804209861e-01 2.644688179720905907e+01 3.122883169259437430e+00 1.673521043773100558e+01
9.187424690961518148e-02 1.056929528180100997e+00 6.966766272342238331e+00 6.106458245052187372e+00 1.476048154035320081e+01
6.222511874691509515e-02 9.444545616502404428e-01 5.142228140784369117e+01 8.175360059552607694e+00 1.434915700026766316e+01
8.291863813972244479e-02 1.033965766739846082e+00 2.989497494957326396e+01 9.775267045720575254e+00 1.309399138836183951e+01
4.941233515175727509e-02 9.760192078944628369e-01 5.664085782120132961e+01 2.484291825111564656e+00 1.559793566926628650e+01
8.640631400721358879e-02 1.017358491908553209e+00 5.287104733404282086e+01 4.738957995870717532e+00 1.278722388596293591e+01
4.379128693387612792e-02 1.054880608429989763e+00 5.603012930695844318e+01 2.883476181573991326e+00 1.298837794286188618e+01
4.305832269186993244e-02 1.035656574204600444e+00 3.158704155190327612e+01 6.432207781536892988e+00 1.423240882266062357e+01
5.089957858482347525e-02 1.038757351997346312e+00 5.344047150211913078e+01 6.290238910354983837e+00 1.261837363773256371e+01
9.994308590129610814e-02 1.083588519708952758e+00 5.265059196123972107e+00 6.896584389255965064e+00 1.333115602638131669e+01
7.428879572492133598e-02 1.028616211180028994e+00 1.520655944567497642e+01 6.399072325192495470e+00 1.722998040803626907e+01
1.037148381638597905e-01 9.081054760154797512e-01 2.941306251323589649e+01 5.109834921824710108e+00 1.602943255005976653e+01
8.379556345679511908e-02 1.066169013215031658e+00 3.295850460707637097e+01 9.577705140955668384e+00 1.253505668060182998e+01
8.780468479966994921e-02 1.015597867642300312e+00 1.026555549955561863e+00 3.518770720078545189e+00 1.614911122303757196e+01
4.206805878688896216e-02 9.820241769954028976e-01 4.754183731772702970e+01 4.055416801155764084e+00 1.659522839390600168e+01
6.898823698138840943e-02 9.413674425994661421e-01 1.626133057861731857e+01 7.220488009632687998e+00 1.620225426635605359e+01
9.436963183508698116e-02 9.186583699774849565e-01 3.652293410851735445e+01 3.677416766599368003e+00 1.377025287563790101e+01
6.707763639373325038e-02 1.042652433872532702e+00 4.924073723387849100e+01 3.059617424780614936e+00 1.629911881219983627e+01
1.008964806114215768e-01 9.309065924575741224e-01 4.111065924066104316e+01 7.054617397600142503e+00 1.687845283623438064e+01
6.851574689933698226e-02 1.088825713276426743e+00 4.853579825565406480e+01 5.036459481281032602e+00 1.248770814265049012e+01
4.687530430124678404e-02 1.063249671072288516e+00 4.862372575546311992e+01 8.583516013640084097e+00 1.795983343411574751e+01
8.622954859906109548e-02 1.015003695552376239e+00 1.735327625888853476e+01 3.612841286462219692e+00 1.699637395924294481e+01
7.062229778366573008e-02 1.079555815795555596e+00 4.219820337485455042e+01 4.070070391991675862e+00 1.656094492118945993e+01
1.028160872900445444e-01 1.059214583228877071e+00 3.565031028174653471e+01 4.823929934775883055e+00 1.773937754490695440e+01
5.726028174120527392e-02 9.742641506018012709e-01 5.820692928324395865e+01 9.502625093115437238e+00 1.457848119038266610e+01
8.108400556243322566e-02 9.143461312476922620e-01 5.917884523186902612e+01 2.784678229556394324e+00 1.316419956436034511e+01
1.084660177650223489e-01 1.032894361038937836e+00 8.488246804482418639e+00 9.520596601855501717e+00 1.255430078773130909e+01
9.085926452679010668e-02 9.220233038066675268e-01 2.501401010325410113e+01 4.279185370711859449e+00 1.557829723694706736e+01
6.254481753499674390e-02 9.932615614150239747e-01 3.170472987238827400e+01 3.729405072952414635e+00 1.314581457102588935e+01
8.815725107723103304e-02 9.907115456742275894e-01 7.588767239621777350e+00 7.024818489017194523e+00 1.770615218664700663e+01
4.811103266857773286e-02 9.807727243672228479e-01 5.366504378649167961e+01 4.044118011457494610e+00 1.562912820367276900e+01
7.788506983484011492e-02 1.068751069857731384e+00 4.274981591779196322e+01 3.991082065821439429e+00 1.798995684321593558e+01
8.062121948718911635e-02 9.984810065719516015e-01 2.067915426534855428e+01 7.362627800378722220e+00 1.484605147679880233e+01
5.711127525287529316e-02 1.078124876121370201e+00 4.474119804942247924e+01 4.688498968578400650e+00 1.654104619281228850e+01
4.085726180432618787e-02 1.075400834975231534e+00 5.395137204363739869e+01 9.268040877922132381e+00 1.535635539251373238e+01
9.945002942534494905e-02 9.398085033899794549e-01 4.055495345887260328e+01 9.867434412117056297e+00 1.671864596026271954e+01
4.577576137886044810e-02 1.085522381862187080e+00 2.498657386225256971e+01 2.015613893051200201e+00 1.348764816485567586e+01
9.627050795807712280e-02 9.610550558851062020e-01 5.413114746427462620e+01 2.132278397159083738e+00 1.671549131911552166e+01
1.081024928694810927e-01 1.083918582463372804e+00 2.016925656294857205e+01 3.455637627586839677e+00 1.616446040686893326e+01
5.931036529961607184e-02 9.739550281267267406e-01 4.723294443178799895e+01 3.225505169570521247e+00 1.747643752830066433e+01
6.040378175155336482e-02 1.019252821602615544e+00 2.533167132907246266e+00 2.610851132354148785e+00 1.510718853317494137e+01
8.145006258730988491e-02 9.770509165141876284e-01 2.469571408321601069e+01 2.173119941858620230e+00 1.479885347162595011e+01
9.467459445602798007e-02 1.030654877652616319e+00 2.451940756725407411e+01 9.326440155486853456e+00 1.733853835375034791e+01
4.004459592403342150e-02 1.050791719387297096e+00 4.306838784631567307e+01 6.619098390463251214e+00 1.272544250932563870e+01
5.321603058277113441e-02 9.873093451533792031e-01 1.452593791456275518e+01 8.374212677903573265e+00 1.411151705426454939e+01
5.782471529556060252e-02 9.604003674195069618e-01 1.854222708654041929e+00 7.206529770337336771e+00 1.446351887224556343e+01
6.644963889728548734e-02 1.032466442597266720e+00 4.887589146868883461e+01 9.846233936146830956e+00 1.298342883867429620e+01
8.719350234150602397e-02 9.575963225652357469e-01 4.574402640394934139e+01 6.625799475970051589e+00 1.583807760349943372e+01
8.650642418277462720e-02 1.082058282730467669e+00 3.195526566857710193e+01 7.081399714094854581e+00 1.533338714872986230e+01
1.035173677518447799e-01 9.428059575534774028e-01 1.680108927588841539e+01 9.984006118573148569e+00 1.543687169654142366e+01
4.779702217073032722e-02 9.466357650091865583e-01 1.658594772142723883e+01 3.310213872850699790e+00 1.679058256797621596e+01
9.022338573868707301e-02 1.002240462949043565e+00 4.696431946423373205e+01 4.161585937174336003e+00 1.267221699551717862e+01
6.465524114054893579e-02 1.006746272837083511e+00 1.784810051247183793e+01 2.408457390949718224e+00 1.650579068627637724e+01
1.053938255701911686e-01 1.007152582569273758e+00 2.421273002802536567e+01 5.506100942808985543e+00 1.219710961643647451e+01
8.981668113970195377e-02 1.037789537949674434e+00 2.279997217256335418e+00 5.535654902358337459e+00 1.400973365146061589e+01
8.567368547260389988e-02 9.020466355967075023e-01 1.942561417524985146e+01 5.643483385324332247e+00 1.788360448417978077e+01
6.992592284547050063e-02 1.076867788547872129e+00 2.848163943457003633e+00 6.121997562283546301e+00 1.625099251997032823e+01
9.656394975056378782e-02 9.291243626879265305e-01 3.927647472798487627e+01 9.357892642755956558e+00 1.338714407091354985e+01
7.082809746600818301e-02 9.204168266153771594e-01 5.718474593188847166e+01 9.940620429518403967e+00 1.597301269526316503e+01
1.019573219762776872e-01 9.764781870051392199e-01 2.152616231459245455e+01 4.147391364286175275e+00 1.205832009001488281e+01
5.632691401236079864e-02 9.000901888337012879e-01 5.626115128925587783e+01 6.879822339461589387e+00 1.551418787074756622e+01
5.570147068934653417e-02 9.249605852715753196e-01 5.892303252109129197e+00 6.020894555455228669e+00 1.225229744519170438e+01
5.340336275294655516e-02 1.099916720251623126e+00 5.068111658212756510e+01 8.978065144799376895e+00 1.529799375541629658e+01
7.261091119315911391e-02 9.182431062562115276e-01 1.836642537171508138e+01 4.813877556896954957e+00 1.518708184471674372e+01
5.166662322419395686e-02 1.000135553340048666e+00 4.833817117530057317e+01 5.332989592072841845e+00 1.584939774238535470e+01
4.707649380726837418e-02 9.342552874788216943e-01 4.364655650785794450e+01 5.975025528002852582e+00 1.463401708321590711e+01
8.684280908688343792e-02 9.864429387519960679e-01 4.132959411665601124e+01 9.899372928313898257e+00 1.254793258557431734e+01
1.046809836686671547e-01 1.090921001196925255e+00 2.728092916865423234e+01 2.464590962995882872e+00 1.264287216422421700e+01
7.003770507826410918e-02 1.031681554256830502e+00 4.909248361922048787e+01 4.861727081347412494e+00 1.657627554108771406e+01
8.966640434155136175e-02 9.178926651668892767e-01 3.672085463988685916e+01 8.113235829331692628e+00 1.378903873044690442e+01
5.620460837709315149e-02 9.927974172972882094e-01 3.826180119118030909e+00 2.082174804671697466e+00 1.639365873902538695e+01
1.067524631468736163e-01 9.525809413659573899e-01 5.532432952190760034e+01 6.692615362048151439e+00 1.211432425906200194e+01
7.118649929232752360e-02 1.085604890306577586e+00 3.403739894126822207e+01 4.483892482827389614e+00 1.238175145867478300e+01
8.281736795743377400e-02 9.156054565190312466e-01 5.285702721715779262e+01 4.640878099075781194e+00 1.499999349644925495e+01
1.026385132648728604e-01 1.030058766199736908e+00 2.334849735177021657e+01 8.635010787081572659e+00 1.790989390708774920e+01
6.957213169149897847e-02 9.567487436897620379e-01 4.366918974076252624e+00 4.267968716257724893e+00 1.728452622773525604e+01
4.750794397159668891e-02 1.007339382436664099e+00 5.240198647403120447e+01 4.351068175109803704e+00 1.408488459991473363e+01
4.571239167203492576e-02 9.898363379666325068e-01 2.811510232377736784e+01 9.630305788204175599e+00 1.596040774298971776e+01
7.697217942896791842e-02 9.852343020945247831e-01 5.516668329904216250e+01 5.628522764091154151e+00 1.661322193549059989e+01
9.788050039210280384e-02 9.644563779642686407e-01 4.425597971989040502e+01 5.714234319381282567e+00 1.456313172382520094e+01
7.448312240132190509e-02 9.702292751646167668e-01 1.264927810962243449e+01 6.173511236048159212e+00 1.408827849602006665e+01
8.796474580865003279e-02 9.892991037601293058e-01 4.174507358710421556e+01 6.888916720978347286e+00 1.640911001442196593e+01
4.485209833956051162e-02 9.832028733242175189e-01 5.214733906114244810e+00 8.244051215618554806e+00 1.275725621465595161e+01
8.833749798184389879e-02 1.045002317204252407e+00 5.118028948218864116e+01 2.665231491626745886e+00 1.715416468562825969e+01
9.702571227320072600e-02 1.088743448092974742e+00 1.584092975546019488e+01 9.330960961040146273e+00 1.428757767797419298e+01
9.540887378851839462e-02 1.055453631119941171e+00 2.791571613801331964e+01 9.027137271934215335e+00 1.623777068764310627e+01
6.798480849877761023e-02 1.006113752871996114e+00 6.884765828967971402e+00 6.814179376120568676e+00 1.566568679475281911e+01
5.679456004041237571e-02 9.670501384469564199e-01 1.824455588751342461e+01 8.568997137516877416e+00 1.730399567062869437e+01
6.695066031380936256e-02 1.094607235903221953e+00 2.699478872643858196e+01 7.313758842533797377e+00 1.222255592980961936e+01
9.347371207393831427e-02 9.347844271605783018e-01 1.456996300325414317e+01 4.534736430409637364e+00 1.545967772340802782e+01
7.565012805730775280e-02 9.680365264016326243e-01 5.836504018264610494e+01 2.393367859631037042e+00 1.339243626801981968e+01
8.163329069888908274e-02 1.071969278081053023e+00 3.002677203935818184e+01 2.433760412511321913e+00 1.626581894857701727e+01
1.036127241189215287e-01 1.086099657172044042e+00 5.560348804204969042e+01 6.787441352649277171e+00 1.757325720675222414e+01
6.373831973123439409e-02 1.067345872849086996e+00 9.982597006105354609e+00 7.888713922053500305e+00 1.635412793648871244e+01
9.984756701027501513e-02 9.406493272030828079e-01 4.445859557467964684e+00 9.830826662202181154e+00 1.748761601800796939e+01
8.529483713066055017e-02 9.961183084025367895e-01 1.682161076197328953e+01 3.706233277262801273e+00 1.453089508288807075e+01
7.695226582258790637e-02 9.577778209051588387e-01 2.253622518322762502e+01 9.221498114173272143e+00 1.307586815080215992e+01
5.197075039200137886e-02 9.327729104338808863e-01 6.693335063745845526e-01 6.431352796530720006e+00 1.797861202509374579e+01
9.144499835354054362e-02 9.780730302351812178e-01 5.382100483849507810e+01 3.718905145029210324e+00 1.677704563948251604e+01
9.242146895634245629e-02 1.011400862879819673e+00 3.348971107211017539e+01 9.172160782315399885e+00 1.595646724084258139e+01
9.756903990475823685e-02 9.113843227638064315e-01 5.370014732493352483e+01 3.371350200621967996e+00 1.495907485999585695e+01
1.029069889996604703e-01 1.031229468279263095e+00 2.386873123410612862e+01 7.753321430178162998e+00 1.568970566577269565e+01
7.809915252402779839e-02 1.005131371895485515e+00 4.156913055471803631e+01 4.836187426091875352e+00 1.731329944237295138e+01
4.609729974031555322e-02 9.436218260129615176e-01 2.236300153867368934e+01 3.281810126238502434e+00 1.403595946536422723e+01
5.999915794187307694e-02 9.846047612183330688e-01 3.059719369691018986e+00 8.412114979760438871e+00 1.281996505391038710e+01
1.006424564935261556e-01 1.010793871788326692e+00 1.647167045284693643e+01 8.051086199696971590e+00 1.772291816405876119e+01
8.758007019378699631e-02 9.908707514433579000e-01 3.527805642131340136e+01 8.783098378078049606e+00 1.227868490845177085e+01
7.357246862509278507e-02 1.039395192980113958e+00 3.491874736233295806e+01 3.097837775079174349e+00 1.355981921159411208e+01
8.670971827920120889e-02 9.951453917851946773e-01 3.628223584809116442e+00 3.028274547905849268e+00 1.585853598026232980e+01
6.331286847648126548e-02 1.064828909738674056e+00 3.327807111937311646e+01 4.368389131731156283e+00 1.304942709840648973e+01
4.529682480063700056e-02 9.793488511896397686e-01 4.210528789348298773e+01 9.042941877471712075e+00 1.769031086268454089e+01
8.736148958323304570e-02 9.994037723140442031e-01 4.352114715893338115e+01 3.006683773110477631e+00 1.363340835817082564e+01
1.023310443212717968e-01 1.008578588628321393e+00 7.102755923824244810e+00 8.043456815280322303e+00 1.516935771201265304e+01
6.654272734138673429e-02 1.097479871448220123e+00 1.311389906096177960e+01 9.886823983295276008e+00 1.609622801837489803e+01
4.757769351079355058e-02 1.096202288923688872e+00 1.884662542417996889e+01 3.571165913774637879e+00 1.723788870633043047e+01
5.956847868455905637e-02 1.023415444406819086e+00 3.769699658293450284e+01 9.292769752778966108e+00 1.579612413715574704e+01
9.550968397243946029e-02 1.081243589690673801e+00 1.203509313228219391e+01 9.146299349258200095e+00 1.391999966363226093e+01
6.971435692422457697e-02 1.056248852974274399e+00 2.637428345569426824e+01 5.825494499964235295e+00 1.766814721683693534e+01
9.101858789878691791e-02 1.017864442914592660e+00 3.383550875350930198e+01 8.936856531441854656e+00 1.695344576604361109e+01
1.092583273619795181e-01 9.470949734024408651e-01 2.833402426022785292e+01 6.593318477412474898e+00 1.549734277870783572e+01
5.161486311120346698e-02 1.051222911815542727e+00 1.013822998041319146e+01 6.364527317060385769e+00 1.294266334631988258e+01
9.252653614038452989e-02 1.075901001366612375e+00 3.706652473647202584e+01 5.891111130413603014e+00 1.773089171463578850e+01
4.788402359959076371e-02 1.057638589276617580e+00 4.040053072227534159e+01 4.570293725787911043e+00 1.366211483375141178e+01
5.405719465190440831e-02 9.455625126542094305e-01 1.489800751294293768e+01 9.110708085659405597e+00 1.732104774087696342e+01
9.287146394643455705e-02 1.016890709205599652e+00 2.924425496527974744e+01 2.042805122157444586e+00 1.699142565385566428e+01
6.772947107985315129e-02 1.016193211957592268e+00 1.637580734924058135e+01 3.523830408001751735e+00 1.469884546342800746e+01
6.660256778601980621e-02 9.947825174691742323e-01 2.710360422942568803e+01 5.280739740273163285e+00 1.232905670702101730e+01
7.831019903985071695e-02 1.004081127200933121e+00 2.912597841536349819e+01 5.349279880161009970e+00 1.629369537096809140e+01
7.661842082155784217e-02 1.079861808279696911e+00 9.001858295093450035e-01 8.282879082343960420e+00 1.327551960215226856e+01
5.416407588814239199e-02 9.814055213406579492e-01 1.349349663842705738e+01 5.711523257357834282e+00 1.230014940853623173e+01
6.075293433717053604e-02 1.078633988748376460e+00 4.870343849428609317e+00 4.499744638634703975e+00 1.313464844325371317e+01
5.935681900458861238e-02 9.174809362984017724e-01 5.943338941942343467e+01 4.119406150609088435e+00 1.319790300959295237e+01
8.348662395724609775e-02 9.319929248704219571e-01 4.618290338710007603e+01 6.728765025125939658e+00 1.691295941774662381e+01
6.156626168545138028e-02 1.077620479766764561e+00 2.687041023237348725e+00 5.447113115740704004e+00 1.336089667293546590e+01
7.594432735306630433e-02 1.087876767495965957e+00 9.465553719413621891e+00 9.090839447175383725e+00 1.396908260175590577e+01
8.336783450215703994e-02 1.063712499268745004e+00 4.327303831324552164e+01 2.900794846968682172e+00 1.665282919835976827e+01
5.026352141012781216e-02 1.086402384091162965e+00 1.935404577976844109e+01 4.441375234683498263e+00 1.603920330205310663e+01
9.032794613862997479e-02 1.010313558901370312e+00 4.711350138514927721e+01 7.152039028331183879e+00 1.436523250731448265e+01
6.406764014317889444e-02 9.055080650486488913e-01 5.675042393067874258e+01 3.854396065075274436e+00 1.483056544885123884e+01
7.079110385922317283e-02 9.105069682459567826e-01 2.363462296478040514e+01 3.636335364818307880e+00 1.685468096439477037e+01
6.385358637410822047e-02 9.160946987592268886e-01 5.935553555048431917e+01 4.459108308194521086e+00 1.351924642760996065e+01
6.915347602320243148e-02 9.276266571813647221e-01 1.376061336115887812e+01 9.197572165620488960e+00 1.415745511172860205e+01
6.088501795793113680e-02 9.010755171181284995e-01 4.126792895272629380e+01 2.841111764179071741e+00 1.258773791970565092e+01
9.354525959548184999e-02 9.046792235679607108e-01 3.469034534655080648e+01 9.934852895056044630e+00 1.568142862969457418e+01
9.137511860183249179e-02 9.374428487226390549e-01 6.402258292837013087e+00 4.762008559108672934e+00 1.780713091714230956e+01
4.424134549092535729e-02 1.074541203651361521e+00 2.102074811869520943e+00 9.919989858942766858e+00 1.574412118887468637e+01
5.254746825661991277e-02 1.079046624127068199e+00 1.219298681327510714e+01 2.633842150845107533e+00 1.419627616326375019e+01
7.405536730964021319e-02 9.751458063558986478e-01 1.927269151760141597e+01 9.685872289414870551e+00 1.291214469259469055e+01
9.963645002780133209e-02 1.029579128602398308e+00 5.106952648601888001e+01 6.861368341186582676e+00 1.487341375388418996e+01
7.494394884429612935e-02 9.487918172879717948e-01 1.074569411755644843e+01 5.740373484394259762e+00 1.421460754815326410e+01
7.578990606710764300e-02 9.259515835267918549e-01 3.610065272313468654e+01 5.679370699848934834e+00 1.256888375009809344e+01
6.557694149684537011e-02 1.099469763685108736e+00 1.134674040368990156e+01 5.570125156680568956e+00 1.382335504374166035e+01
6.562032082840452141e-02 1.011663489782890002e+00 2.008983115939706465e+01 3.469668053296911747e+00 1.359544024882274371e+01
7.437148265163398553e-02 9.571008696523992665e-01 1.350399991183498738e+00 8.505453596681965323e+00 1.538419565688664115e+01
4.262800968113663463e-02 9.328910201458452400e-01 1.190335921600470392e+01 8.736590793021337120e+00 1.266269398656081435e+01
1.048363625663684962e-01 9.460451122116189104e-01 3.820025267534568769e+01 6.973230950566903452e+00 1.669986533560684805e+01
7.241862792949935179e-02 9.038542882119655619e-01 3.432369605418404035e+01 2.532843797570831335e+00 1.736010614014620046e+01
5.773502726972394583e-02 9.496591211113023512e-01 4.099577185336816143e+01 7.262826882790981209e+00 1.706921469542387015e+01
1.050725666115281121e-01 1.062449606451897122e+00 3.025680912212534324e+01 6.830917543324139807e+00 1.662971818740766494e+01
7.506510884369649306e-02 9.432336226512262334e-01 9.131654693877765183e+00 8.614318225865318368e+00 1.755170309619880342e+01
6.948027734389425336e-02 1.086976912701057341e+00 3.805004876380183276e+01 2.051224411790555813e+00 1.360229216814731146e+01
1.082728671282430222e-01 1.021863743081315112e+00 5.787885772473521229e+01 4.006393050575930204e+00 1.491640860414287317e+01
7.886271123497788638e-02 1.049156694198421391e+00 4.945586096547633304e+01 5.245350396478004384e+00 1.741213067729455588e+01
1.042415584948235829e-01 9.964699274357268211e-01 4.244690743966604174e+01 8.422392923993850644e+00 1.357322575911012130e+01
6.678793908306523974e-02 1.024529368996310641e+00 3.747318578042224857e+01 5.548614231824319454e+00 1.454470130160497554e+01
9.271800116634609790e-02 9.121351378170822199e-01 4.228752431074856588e+01 4.928359741362425162e+00 1.467673544516490125e+01
1.001545822000689950e-01 1.037549065539528304e+00 1.998957497369545067e+01 8.230983167879276863e+00 1.290251937235004043e+01
8.390913367790239774e-02 9.546483272875462278e-01 3.964547994205586434e+01 6.462598155804910149e+00 1.708188171348935214e+01
9.396078058609054484e-02 9.062053798292961648e-01 1.696073635785227651e+01 3.192584392996449694e+00 1.598829075827470980e+01
1.072915123675900750e-01 1.096789527450906299e+00 6.248504954716169735e+00 7.875263600196852565e+00 1.634229647168750077e+01
6.151512814312783822e-02 1.070788348641543930e+00 4.998309181527191214e+01 4.582318091442893149e+00 1.288465398985157151e+01
6.283763952927309826e-02 9.999504764434661297e-01 2.190068102513014026e+01 5.403911060873182848e+00 1.337577330289312982e+01
5.481151454902222220e-02 1.029064692755142785e+00 1.250772437673930426e+01 5.271962908110704227e+00 1.489335895632399875e+01
7.128103653702906606e-02 1.011092300138922484e+00 5.690913021522101900e+01 2.930053331005246786e+00 1.510815303684180577e+01
8.592671936279452916e-02 9.320463352888409547e-01 2.126591853608131544e+01 7.927814563893920585e+00 1.635852432789204514e+01
7.926106631038928874e-02 1.092043565024969354e+00 2.559658190359122543e+01 5.925501015245382419e+00 1.547370720024342283e+01
6.309624224289651917e-02 1.027478438880358169e+00 1.235797531274381278e+01 8.271846157054802973e+00 1.556916378595792594e+01
9.161735827534633891e-02 1.068204271370164049e+00 5.176519232199147780e+01 7.668922621928397021e+00 1.684514520717146979e+01
7.606888952308923924e-02 9.816370007659404040e-01 2.948805413764856809e+01 7.409950881560176228e+00 1.382706738461749651e+01
7.207642216485662945e-02 9.958369515532187188e-01 3.915676829870560027e+01 7.443878185723784568e+00 1.295290267605442480e+01
5.040115437804695842e-02 1.032038192661197229e+00 1.364430142474536289e+01 4.217522000968392248e+00 1.488359994611959181e+01
6.493289495065691919e-02 9.069367846986075010e-01 5.433912439290931218e+01 5.041612994696751393e+00 1.368220520766310067e+01
6.238642579210267047e-02 1.075162647017175788e+00 3.796583193054787131e+01 3.791634121943649127e+00 1.380600111313609268e+01
5.222010263228180071e-02 1.020430349498306022e+00 5.186262579438827203e+01 6.306919186606238625e+00 1.582297155799949806e+01
4.847844599089189133e-02 9.550568651650264140e-01 1.212395106656026478e+01 4.397270148910676468e+00 1.449952571091298203e+01
8.173478988335106110e-02 1.069043212171703949e+00 1.554224882306200328e+01 7.937829692800053571e+00 1.646131408635990923e+01
8.499198666863312657e-02 1.041222837079536445e+00 5.255034936604729978e+01 8.467856606464206237e+00 1.474716746503066744e+01
5.302808703867188667e-02 9.800360393295968198e-01 1.969903890256057011e+01 5.185777537918901281e+00 1.498047651633476995e+01
7.226970643596029864e-02 9.619676771523160141e-01 5.527725238439275657e+00 3.176472789715957923e+00 1.646893501371389235e+01
5.567154237179652854e-02 1.008999833425984205e+00 1.335589820181297505e+01 7.535050975092310921e+00 1.289006813746508762e+01
4.442427885747530364e-02 9.603453757273756608e-01 5.861613202075180595e+01 7.148928898033312329e+00 1.425014880299969988e+01
7.139005347400040336e-02 1.064243720318909237e+00 3.829749430085413309e+01 7.100630843293720851e+00 1.752074739592809038e+01
4.343739294267713602e-02 1.097175820635519106e+00 4.968415183258503731e+01 4.962864648461355443e+00 1.234911428715457582e+01
9.847495741314481188e-02 1.067963783966640934e+00 8.021380716138194700e+00 9.245759289627743627e+00 1.395863562536793268e+01
7.204635089683594784e-02 1.003262174155052922e+00 5.219832643348021861e+01 5.774877047381686168e+00 1.303239990151278960e+01
8.309072188770560974e-02 9.388564169952314797e-01 4.932301967096962159e+01 5.212301411244742333e+00 1.214612349114852385e+01
5.795425599966037844e-02 1.076559767399079215e+00 1.225182606165257093e+00 3.319086379078106219e+00 1.411768713607143333e+01
7.469595620513930223e-02 9.451186723625272235e-01 3.277090762269514101e+01 2.181374494962232458e+00 1.765116348896522780e+01
1.059412232537784437e-01 9.776875623194386522e-01 5.856694667013214683e+01 9.805154179760869226e+00 1.570818143446596338e+01
5.238523462214508819e-02 1.070089141207181349e+00 5.212390891542596449e+01 3.151540542950318269e+00 1.521928329617157871e+01
9.634500112079422141e-02 9.991999434555886017e-01 5.511501837862824971e+01 9.377146111845313214e+00 1.311190988987000239e+01
1.013648531424824334e-01 1.048675783508834725e+00 1.064180475308203278e+01 9.298844893305624026e+00 1.705453854665230295e+01
4.633376164279815607e-02 9.784748776836681428e-01 5.684330075951487515e+01 8.351578316827310999e+00 1.713971277834714968e+01
4.058366862206541636e-02 1.003786943065182014e+00 4.494124120023878532e+01 8.693835656147392399e+00 1.346636495850636450e+01
6.173448460033609947e-02 1.061598536921935620e+00 1.767764841489607264e+01 8.850043112649558452e+00 1.312796963059956212e+01
5.446471139196935873e-02 9.482481586133975071e-01 2.872644918710877704e+01 2.223098498139800316e+00 1.607553639567087345e+01
9.725573413426882863e-02 1.016614608112551110e+00 5.201797207669780221e+01 4.898891182288169333e+00 1.534527553409243339e+01
8.996666925902851997e-02 1.059727050109104063e+00 3.247529428692864872e+00 6.653086511771532763e+00 1.474854407344714247e+01
1.031280571445778727e-01 9.589845324133161597e-01 3.659218827388573203e+01 9.650245442774043170e+00 1.378772510061665990e+01
9.376543977094660420e-02 9.675390191079901170e-01 5.458351720581546829e+00 3.875481031906608642e+00 1.587855710614660154e+01
7.292175554804827819e-02 9.620881548284355711e-01 2.515197730461923697e+01 2.755644020523057236e+00 1.608392664182223086e+01
9.748789199999952082e-02 9.076879651800141557e-01 3.205563452113449330e+01 2.346292710882442289e+00 1.613041425936332374e+01
6.891711423578322782e-02 9.848096362776330714e-01 7.263124739178477896e+00 6.591629843401453748e+00 1.790318678666227470e+01
5.537430672338311544e-02 9.263169421768393530e-01 3.313455969416993696e+01 5.250156495624093367e+00 1.204602130134814431e+01
6.616943493712265645e-02 9.788330109847194205e-01 3.539910548025136450e+01 2.359631043521341898e+00 1.435747390953673275e+01
6.202943237152646477e-02 9.198713773848379294e-01 1.183951094695217421e+00 3.237429685667194246e+00 1.315738574711800979e+01
1.015496079208594860e-01 9.824241115770524502e-01 3.228418331383970497e+01 9.776253393425610838e+00 1.366801076697795381e+01
5.659640654621916900e-02 1.018958033314072864e+00 1.513616854951043500e+01 9.666516790486722854e+00 1.392389896560492701e+01
9.772246886028174151e-02 1.056463890177872900e+00 4.172527863520800295e+00 2.720200158827303039e+00 1.393925219455502784e+01
5.069232550158195294e-02 1.039064711683120645e+00 5.890113061170678321e+01 7.805404210720432445e+00 1.404043381859401762e+01
1.032337339808987176e-01 1.054264506779339694e+00 1.616935805274348326e+01 5.437939651215359049e+00 1.464428783297582015e+01
9.081962060612155940e-02 9.635134284806736726e-01 1.323258502362972955e+01 3.910383719037985983e+00 1.443099643012542543e+01
1.068113289073254479e-01 1.037090876980863330e+00 5.319688883726998085e+01 8.975225997966685298e+00 1.703176990073104946e+01
7.051699601617292257e-02 9.210851244565098073e-01 7.290109776786477092e+00 9.459803698811729333e+00 1.741085087689392452e+01
9.040252289541006459e-02 9.166934935676596119e-01 3.066742182475178780e+01 5.663387915766734615e+00 1.308742527400508848e+01
4.210517411451553810e-02 1.033201133998176591e+00 8.671892759882043222e+00 9.756355696542019729e+00 1.413908367368149754e+01
6.069140516164255039e-02 9.015259030971235488e-01 3.997350619673665761e+01 8.515722866462146712e+00 1.251113902026988534e+01
4.362638860416451214e-02 9.722417591399636905e-01 3.298791912629529577e+01 4.181509880470546392e+00 1.642035868386009412e+01
6.412281332149091795e-02 1.026074812721447627e+00 2.111857312339875392e+01 5.122437967884897247e+00 1.422800978201257749e+01
4.076700819292539135e-02 9.367704718727675184e-01 3.903584939974876988e+01 2.972488665250938134e+00 1.659869316669725237e+01
4.450667927857338002e-02 1.080579051361382881e+00 5.497497935788884860e+01 7.640073805713454291e+00 1.223592023004170670e+01
9.294927813327150123e-02 9.744062155383710344e-01 5.264031450600168682e+01 3.660354271535786630e+00 1.796778506434258560e+01
5.695182835971682178e-02 1.092676149278952957e+00 4.293592001068771680e+01 7.175972207608875664e+00 1.586918306834802905e+01
7.779825426091377394e-02 9.401919124989721599e-01 1.324113718812582441e+01 9.400597597780269155e+00 1.241286983986626957e+01
8.236902308306515152e-02 9.095011229774944139e-01 4.768622187542298008e+01 8.847885420548536217e+00 1.668826629868569711e+01
4.880142091578634073e-02 9.336748040573134011e-01 3.429416646792417112e+01 5.152215104895326192e+00 1.690599487884292884e+01
4.286238681175027349e-02 1.048362764496911792e+00 4.674073733708542733e+01 9.543312039975536010e+00 1.644349548982649623e+01
6.119505830515478695e-02 9.660779812829958235e-01 5.914427670127084724e+01 3.770000999896502059e+00 1.345079341484621871e+01
6.131865221188315118e-02 9.313789899749361778e-01 5.120573568059934644e+01 4.325915591668596960e+00 1.317743580196427899e+01
1.061983897051257120e-01 9.555192381879079599e-01 1.475767589874123686e+01 5.911648425096171167e+00 1.206118959872628871e+01
1.094306849555507222e-01 9.025000417792428120e-01 4.789974877855886604e+01 8.310137523655651393e+00 1.274669036318985427e+01
5.594800697575656040e-02 1.093694206023303916e+00 3.835945494379517839e+01 3.485473508264596010e+00 1.283460528306827264e+01
6.478657388824587970e-02 1.022880866241803854e+00 2.104432658276936152e+01 8.814450166705524836e+00 1.324023289838002349e+01
5.544507899844416943e-02 9.284515312051347946e-01 3.973464837718955067e+01 5.177293602352747826e+00 1.279487038820526834e+01
1.084396134001201495e-01 9.305078560803328180e-01 4.035054038903916052e+01 8.216153479465829079e+00 1.509577719973585985e+01
9.697180895148931057e-02 9.272647968177140099e-01 4.265718843694353524e+01 9.957869882900837410e+00 1.688661281053187224e+01
4.538907420258334741e-02 9.064338159698888120e-01 4.780224363766509299e+01 3.156791939569579597e+00 1.296519931405948434e+01
6.761586570861408130e-02 9.102271893359311639e-01 7.547989737926669163e-01 3.428550786615119694e+00 1.563865404420098493e+01
8.137735494853695628e-02 1.034018088619476750e+00 5.465448104203585444e+01 2.831885537339411840e+00 1.643028440763101372e+01
9.567882065151508963e-02 1.047880406016391541e+00 1.576906273960708704e+00 7.011942725428615297e+00 1.496718476161970202e+01
8.908053320051420587e-02 1.045590398565974466e+00 4.821161436910380615e+01 3.589871625515612230e+00 1.572694534728484150e+01
9.371941058460728224e-02 9.707144362365017765e-01 3.870362895767713241e+01 7.471956459029553521e+00 1.621860830928720887e+01
6.582910227865940156e-02 9.641449296498463273e-01 5.077544016544198513e+01 9.706020531106247518e+00 1.633178399640603828e+01
6.044503939459247577e-02 9.976599340684259021e-01 4.457075265849369572e+01 6.076087371755481747e+00 1.387232275624474021e+01
9.913074074448981199e-02 1.004589516218548306e+00 4.417102170472377054e+01 8.906915324990517746e+00 1.365287327527398276e+01
1.064123288986530969e-01 1.080131966078964556e+00 3.687348701741485968e+01 7.953630580676264827e+00 1.749963254728032425e+01
6.010647005440057644e-02 1.074361691161041410e+00 4.649332932841770827e+01 4.477971312106236113e+00 1.430327801123045361e+01
8.098662641238252302e-02 9.109512344506939252e-01 3.623646310732787157e+01 3.346621587355519623e+00 1.331007282764517541e+01
1.004313651936938473e-01 1.014636718984496255e+00 1.424069446855938637e+01 4.419330637006529727e+00 1.427001441499898426e+01
7.900301333734038867e-02 9.859861434230712263e-01 2.974797695758196170e+01 4.292236679181284487e+00 1.681246914303682161e+01
7.268137529352100557e-02 1.047034466134388664e+00 2.765711227092072377e+01 2.525111167648592669e+00 1.574164640774398372e+01
4.663696321975836778e-02 1.065436264249020937e+00 5.010811809696988206e+01 8.105398404183919325e+00 1.321086303422999642e+01
4.408893001065192913e-02 1.058200775689676743e+00 4.809949573535585898e+01 3.377666533977352614e+00 1.335044310662603095e+01
5.351200464315799404e-02 9.049279090990282048e-01 4.080748051366757068e+01 5.745265012088391465e+00 1.724857362295286123e+01
8.321293160617157514e-02 1.087589960288417590e+00 3.510393133993095205e+01 3.334500975185442861e+00 1.432828503282358135e+01
8.606220690176850929e-02 9.582691524654480819e-01 4.744144040421461739e+01 7.233483098224233743e+00 1.501796326945073901e+01
8.466622120339914459e-02 9.513824286485647042e-01 3.411200957106479592e+01 5.559866123141505412e+00 1.444461552065564547e+01
9.929929194826102312e-02 9.972689205187403871e-01 5.085284657367039785e+01 5.818692527116622770e+00 1.784457311866916029e+01
9.889797256814358839e-02 9.941728494010722006e-01 1.035206745778571324e+01 7.994954282933472989e+00 1.287406853763727632e+01
6.805652846026669089e-02 9.797047789917174843e-01 5.111977553101877625e+00 5.224733826941898585e+00 1.765417261960624629e+01
8.459073662687965900e-02 1.081789451120798828e+00 9.020427634004782647e+00 5.100355000736484179e+00 1.260730966899835082e+01
1.045732359834344871e-01 9.724284473517101901e-01 3.867978062859290134e+00 8.157029745789927233e+00 1.768522394186553015e+01
6.931689086737780059e-02 9.072489299473510682e-01 5.036860361730273183e+01 6.990141284406043098e+00 1.356827334292617770e+01
5.277453828169653693e-02 9.254855233198239217e-01 3.155613212606396800e+01 2.455390783418804013e+00 1.612725804926227369e+01
4.912652358777025441e-02 1.015907681477116853e+00 2.678173470140216139e+01 4.018522363436858313e+00 1.524845477069890975e+01
9.904431597622795347e-02 9.408161352001540578e-01 4.195275218639218195e+01 9.020386043877548943e+00 1.718831125887817279e+01
7.754011577358282947e-02 1.009905512763445312e+00 4.340089299269074985e+01 3.621034723330031291e+00 1.371258019145749607e+01
7.717769300989599235e-02 9.019491328520511386e-01 1.404267887058418651e+01 7.741091246309610874e+00 1.214365762647791236e+01
8.209555302671013577e-02 9.230899129138562254e-01 4.981183581422047268e+01 4.557151508278586505e+00 1.343538479549654774e+01
4.598581796813532713e-02 1.094158909625438048e+00 7.941029122390376394e+00 5.372334180604342535e+00 1.540098649604096792e+01
1.066154245769797282e-01 9.032193215993150615e-01 3.861825017331071308e+01 4.718218895489375342e+00 1.432370989424909169e+01
5.842666124183257953e-02 1.067024942697457623e+00 6.597955551473357438e+00 6.201432304792806605e+00 1.473197503020241328e+01
9.207006266047731979e-02 1.038316312926538254e+00 1.907637339396056575e+01 2.811466910237850225e+00 1.491489043045888252e+01
9.488596677644001165e-02 1.092866650426943531e+00 2.753661535349579381e+01 7.616655929940237435e+00 1.686393211932297476e+01
6.525912681268909721e-02 1.025417501152917410e+00 5.521872045172595556e-01 6.058358171920432689e+00 1.717715960004279552e+01
6.025987153466191848e-02 1.030817136431879000e+00 4.312169064455595446e+01 9.816113494589778554e+00 1.680023642754663626e+01
1.021059125532800121e-01 1.095766828192640041e+00 2.564349061040241295e+01 6.912818771225614611e+00 1.552135395381545990e+01
4.020877695243127437e-02 1.026799507425267821e+00 8.266177996654722193e+00 5.386214271404851317e+00 1.395025614561975402e+01
4.546462350712201367e-02 9.923261274525745357e-01 2.595901497003355729e+01 7.070466746192185070e+00 1.262809285856762109e+01
4.720649377302692934e-02 9.489470168069283895e-01 1.151677604480366135e+01 8.669871778570305665e+00 1.623251344300829757e+01
1.040390334049502430e-01 9.264065787259507800e-01 4.959399794178450094e+01 4.789663578782885622e+00 1.665659841808821895e+01
4.326385716694744477e-02 9.503022202992064127e-01 2.981089848455291502e+01 5.466793668537876627e+00 1.398382369486533250e+01
1.057205350489172635e-01 9.116070442683361641e-01 3.185664337446802818e+01 3.275919277325493262e+00 1.239700299713594234e+01
1.055574701772925006e-01 9.383937060456059021e-01 5.713776751186662395e+00 8.720938082075827325e+00 1.704950225399380770e+01
9.422362842873180377e-02 9.651330551229667654e-01 4.590074467593827734e+01 4.726886986278740821e+00 1.454006815680005715e+01
1.090972238515851012e-01 9.733909327884339158e-01 4.881369064077973263e+01 6.039382485169304537e+00 1.425917141060821791e+01
7.956356080385171281e-02 1.035162960840695145e+00 1.433904873621500897e+01 9.004181532259622145e+00 1.466535711038169154e+01
7.728527036714893939e-02 9.540698116654792171e-01 9.618215608823433627e+00 8.864544068573286140e+00 1.787226215445931032e+01
4.274813453227109539e-02 1.022435214687602789e+00 3.108490009668050291e+01 6.501138134549037773e+00 1.216885353973979988e+01
9.509032279814616517e-02 1.013787179903240299e+00 3.936407251975027322e+01 7.660664060392939234e+00 1.576376175969771154e+01
5.428867702216281371e-02 9.152015674983899896e-01 6.164602301083668578e+00 4.636592047542926309e+00 1.708907007370292774e+01
1.025010555761240727e-01 1.049516006581593830e+00 2.170112015762512314e+01 6.939126608185781642e+00 1.667421399297611373e+01
5.910614151631209817e-02 9.684229200593210685e-01 5.425359293126240345e+01 7.777733274081303882e+00 1.486790001768868308e+01
7.874545332024132649e-02 1.061865698341236453e+00 4.089571306775984993e+01 8.076824601270207182e+00 1.285498151757562013e+01
4.997821940543804853e-02 9.715040747611531913e-01 3.881953451609938099e+01 8.385879562071586690e+00 1.618642816435539089e+01
8.852067813580416500e-02 1.084003585609738307e+00 2.296694922408518380e+01 6.191370272004347086e+00 1.792563313117975454e+01
4.175568184072396549e-02 9.931327719112155172e-01 3.738596433184821421e+01 3.080182199397303755e+00 1.362837161952021248e+01
7.936916416484485204e-02 9.368906552754698858e-01 2.681544225068656573e+01 8.544296532977767811e+00 1.512405159128880783e+01
4.626773116397108615e-02 1.053311748517677282e+00 3.601786610850231085e+01 4.249774313228330769e+00 1.601364156874146971e+01
8.418104262217779299e-02 9.838877403795595056e-01 6.534618395295736626e+00 7.589502260931703326e+00 1.702552778247088128e+01
5.103666944913028136e-02 1.065792165202177788e+00 2.307972876414740071e+01 8.532546677011200842e+00 1.374332173152128433e+01
9.065605606029686347e-02 9.479967009749981077e-01 4.008018681888921009e+01 3.564485288897950355e+00 1.523308060328738733e+01
1.016338213494177439e-01 1.072579876988258185e+00 3.447085566274899548e+01 5.502704221461709011e+00 1.592947155117689739e+01
1.094780006593123189e-01 1.005337418022223872e+00 4.661682168135878612e+01 9.715650327256906138e+00 1.458672584229772795e+01
1.033765176215726833e-01 1.009226229579916589e+00 2.529081206049820096e+01 9.591793657002682494e+00 1.265997122738468583e+01
7.369457597544520899e-02 1.020867391940510238e+00 2.330702443336127772e+01 7.980128199277848999e+00 1.353289453589563074e+01
6.248745275508978125e-02 1.066771404981858407e+00 3.724964493654340458e+01 7.108003798033119658e+00 1.301717730936448802e+01
1.051827194732759263e-01 1.060762456783701069e+00 2.484773396687610258e+01 4.770349384257486669e+00 1.674952917164687705e+01
5.645945750135057672e-02 1.084947508912179170e+00 3.013442659946814572e+01 5.011916263354428303e+00 1.655235412879303425e+01
5.977248558152230273e-02 1.024125371836944964e+00 4.556372499091154538e+01 2.251900397281671129e+00 1.277569932229442173e+01
7.550081552056475687e-02 9.041514287270681072e-01 2.352606906571750400e+01 9.451874852295905072e+00 1.224702898792654793e+01
8.424824509956427288e-02 1.083184624171028565e+00 3.080022921415737258e+01 3.043531521789222705e+00 1.532247850370141329e+01
5.185724919165488750e-02 1.005872455188178138e+00 9.372848080612293131e+00 3.926802072300557889e+00 1.606608597318178511e+01
6.365705163676568801e-02 1.043083337935030830e+00 4.256857811326563734e+01 2.428325959790389454e+00 1.720820240556746228e+01
8.998658246045859732e-02 9.954979931407044180e-01 4.381803816446512911e+01 9.081898409106191394e+00 1.417685444583510801e+01
4.980265436503146514e-02 9.773086980277717606e-01 4.482298333678746616e+01 4.976848148749191125e+00 1.638200910495044837e+01
1.017969752827362906e-01 1.012578712277869997e+00 6.734263025532862379e+00 6.774991860830227530e+00 1.521141651375953074e+01
1.063027408038809130e-01 1.058879432201997428e+00 4.594112356564290067e+00 7.490044379178939948e+00 1.412799836680436982e+01
5.603018289039437411e-02 9.392131388254388868e-01 8.878081727367977294e+00 6.261744054948287896e+00 1.370329656215067615e+01
1.076875023032398404e-01 1.084466024761831182e+00 2.599313508506945425e+01 5.950281194805469909e+00 1.751025723857376803e+01
6.434959935757603167e-02 9.280390188907399196e-01 5.484072428819879264e+01 4.356861802270620920e+00 1.431409204149363390e+01
7.168820870250845745e-02 9.511896510059540955e-01 5.952475538924984733e+01 7.693625864206649290e+00 1.441714888408641926e+01
9.602999808677616100e-02 1.064713136702525764e+00 3.947013236947633885e+01 6.559465538856526834e+00 1.470135557495524026e+01
1.044405795989923336e-01 1.077313761618968302e+00 5.166606196274672413e+01 5.316713617066528563e+00 1.399704621436012708e+01
9.321347094377788189e-02 1.040959992097411746e+00 5.230603146479999310e+01 6.012619083162431544e+00 1.763806814342082063e+01
5.055638678825594839e-02 1.082799157679329660e+00 3.091993233512300066e+01 7.402392203073643095e+00 1.245106019116058604e+01
7.309916862501966706e-02 9.419162588515169743e-01 7.460931574298801827e+00 2.318677685776137309e+00 1.544632743933323482e+01
8.264673552175280657e-02 9.830512737698773318e-01 5.801924881063826689e+01 9.420449535155817955e+00 1.561610643380884866e+01
