0.7647981817692913
0.7820431769421994
0.772380320764521
0.7326594307109334
0.6852827434209191
0.64323120049109
0.5989915195769695
0.5591652277142093
0.5017208654072116
0.4178946782677655
0.8424618945318573
0.8685275672501815
0.8767068363396194
0.8781686425742758
0.8448681964156896
0.7914583969637736
0.7414207691273687
0.6880389056517752
0.6398142180365474
0.5919109272740904
0.5456690245740056
0.5074176221916679
0.43479761012873835
0.9236838698204765
0.9354778980300451
0.9447066885399141
0.9546519870265416
0.9565764266862701
0.9434044470296707
0.8891349434990252
0.8324883470838241
0.7705481550579484
0.7142130386081251
0.6581827703233972
0.6040962390508816
0.5593677975685294
0.4360305390905011
0.9985628283423162
1.020400927541759
1.0252232982316056
1.0319558025676803
1.0333978198092384
1.0311396747973818
0.9867382223606928
0.9254144062752869
0.855044982401
0.7902072564670408
0.7255255747035368
0.6630638022443889
0.6114298132046085
0.5591910285573788
1.1035375541791113
1.1162175914471661
1.1255306200895216
1.1346092051107513
1.1359858906562665
1.124924419438785
1.0666582191780742
0.9857912502169726
0.9079135576177094
0.8293406285450652
0.7532843354581008
0.6904406536663712
0.6269337504859881
0.5712672064764496
1.1745680585171558
1.1871480811695978
1.1964022236576952
1.2042261488558164
1.2053334634202875
1.2047470090578092
1.168359944590733
1.0849629423528189
0.9980681064516991
0.9087262348410926
0.8218374816829852
0.750020517802311
0.677516280469626
0.6140167038357094
1.1454913146908625
1.054071968328528
0.9581647212938453
0.864404792215755
0.786847992657966
0.6400954302462046
1.2564637843039594
1.2787190721123858
1.2834595333088992
1.2802332324606593
1.2123634662115226
1.1177015793785339
1.0146811303935293
0.9130205731845692
0.8287777859389146
0.7438090741309071
0.6694885166585678
1.3031039143576464
1.3230701029528156
1.3264157949387494
1.28928293104805
1.1957333283424576
1.0850584216474302
0.9736425643559874
0.8809178142544443
0.787390122923109
0.7056555695855171
0.6267869977487164
1.3367857227300606
1.3541019499920601
1.3571306697320902
1.3401931931824265
1.258222622010049
1.1431386208309497
1.023950895380474
0.924120974135777
0.823349132124419
0.7353341090742178
0.6505154854982839
1.3837131305481636
1.3855401891186732
1.3820959077706985
1.3695542527956825
1.323115037280173
1.283819541620433
1.2069614695761475
1.0798825049800054
0.9721772931453091
0.863199750540193
0.768077883177302
0.6765248926753893
1.3952149101859646
1.4082196920399486
1.405871442196146
1.380654442886735
1.2707336027030964
1.1372923810758613
1.021693286128684
0.9042060121484119
0.8017233385108052
0.7030085077279703
1.429876644363685
1.42843838689814
1.4242402216916654
1.4038318258029818
1.3919840257583425
1.3461172975082947
1.2855703599885215
1.209561632503059
1.0848004980699246
0.9564874099480758
0.8441999954468755
0.7364227603819501
1.4405477841882444
1.4382007997490784
1.428521677232938
1.4057918902101283
1.37406422500402
1.3260792132985322
1.2771203270411104
1.1456723849404622
1.0072592298420058
0.8855939907684306
0.7685767125070146
0.768796381493271
0.7665229415723723
0.8528468531094937
0.863732344408725
0.8406297164770598
0.93688197101239
0.9343055558802644
1.0133021127383002
0.981463850787447
1.1052565088966746
1.1098110839996738
1.0618289581784837
1.1779963711752734
1.1581185372722815
1.1873786415470482
1.2092944724796655
1.2337503610108869
1.2536552675796924
1.2047820428617182
1.2766031106381182
1.2948783142627915
1.2752824195488133
1.3209274230172299
1.3186874982624568
1.2513472728190522
1.3112984635662543
1.3491002954657054
1.3714383175766438
1.3601817898932342
1.2650587979458028
1.3872253868765092
1.3348343476930795
1.3839235419730787
1.2714041316040112
0.7054408149486284
0.7206083417271731
0.7659416391514176
0.7822059735082026
0.7920685245726192
0.8566720315924045
0.8742110605713272
0.8842648778442543
0.8881414712906878
0.8853905046887405
0.949733701368011
0.9678026791167795
0.977388766958572
0.9802090176380316
0.97512663609637
0.9496210348143151
1.013991379350347
1.031865998672516
1.0410409219813634
1.0428909814251708
1.0425293735329737
1.0402710754675557
1.0358250616971787
1.0222804194640147
1.0053200656682237
1.0743764854573155
1.0922391966010898
1.1001111230882967
1.1000436812877818
1.0967586177082516
1.0911720120304225
1.074638766386368
1.055892361675251
1.017257520091169
0.9778079607177913
0.8984459421869355
0.8616675723409394
0.8085777141090988
1.1429407955566129
1.1592152752105378
1.1653570034718512
1.1652671861424686
1.1627385709982594
1.1568338433074548
1.1508128338996675
1.1304866517825982
1.1085980251678165
1.0705962714065058
1.019479507324873
0.983712033226124
0.9310278858491281
0.8886865013053761
0.8311208244182213
1.1807566234028217
1.1955146528284493
1.2003506277967138
1.1959723712818047
1.1900574048972377
1.1814548015822792
1.1587284441683314
1.1346229250699187
1.0870652451558518
1.0385619099864585
0.9998302080401265
0.9433456714247008
0.8996420866424636
0.8374186815607877
1.2207618343980817
1.2330124548191705
1.2356214610366527
1.228521706195395
1.21084123201795
1.1584112595992595
1.054009088088466
0.9511262321988282
0.8378695080257567
1.2509616491974245
1.255587222441099
1.2516794305743086
1.2380592490915725
1.2255491802052845
1.1977168263112403
1.1677562364733622
1.1131719111689204
1.0573326446855007
1.0209389962236612
0.9488791389140554
0.9027686808114909
0.8311731686585543
1.2665861002398549
1.2735485902528287
1.2707733271339294
1.2577203132072219
1.2450669862421346
1.2344028630602786
1.2028886714813507
1.1699993830749527
1.1066775860835867
1.0497437580756324
0.9988349156645075
0.935413997165119
0.880031503497705
0.8104969568989897
1.272787224837151
1.2768865892500503
1.271788517394545
1.2562782430349773
1.2437034275198244
1.228519239686752
1.1941891055609108
1.1609725796694461
1.0970333628584183
1.0348731391319232
0.9955628379816437
0.915212821043365
0.859811539042906
0.786861314639625
0.6839325929308475
0.7000905053902903
0.7415034747190927
0.7587758696537196
0.7686748201727566
0.8274852774625636
0.8457554073225586
0.8555844917430636
0.850842158872974
0.914828331277147
0.9339671057332996
0.9403471765142813
0.9427476032036652
0.93411253432461
0.9751216915586444
0.9933228050773365
0.9987353489541589
1.0014555286032736
0.9988855568703487
0.989162580010824
0.9629922882062155
0.9308653167095604
1.0309357870140956
1.0489816941502874
1.0538265061421792
1.0555606310128065
1.0505447668814185
1.0390765741439416
1.008291437584366
0.9728013524224461
0.8967941094784948
0.8081043817531702
1.0935827431148737
1.1098394749869427
1.1138757284576677
1.1140220280970157
1.1058444931928109
1.091368962815808
1.0606269764532563
1.0143980269736121
0.9293557715767689
0.8306471160565259
1.1279239295891363
1.1421671927912898
1.1448762219762398
1.1443478424312459
1.1339534615931972
1.1173310529602596
1.0778645504836875
1.0334903594930376
0.9417025420447274
1.162998772503757
1.1748376432991943
1.1738528055484085
1.1412175157749793
1.0489839654535036
0.9495184574372871
0.8374240836876795
1.1891251666209948
1.1926116257743473
1.1927739996083373
1.1889983920168268
1.173252027555834
1.1509986238040946
1.1042115828240557
1.0524429963581121
0.9473330627033099
0.8307456642601388
1.2004906903959303
1.2061003545640652
1.2034483276665955
1.198785250041404
1.1791837173396302
1.1537684830384152
1.0984096136304724
1.0451244739741798
0.9608190811155063
0.9339573975602757
0.8101034167663924
1.2030705388040035
1.2059275570822274
1.2021707606218004
1.1946616182948877
1.171743789515487
1.1453446948879913
1.088914664778648
1.0304620065039523
0.9138504847538282
0.7864987097195004
