0.789345630622459
0.8069005359221312
0.7961430598666313
0.7544763450941048
0.704912859690235
0.6609422098569782
0.6146836130213115
0.5730344423555603
0.5129487849496714
0.4253442749010771
0.8693642954858558
0.8959706836980211
0.9042124438392731
0.9053590522680375
0.8701645129386922
0.8142352737481502
0.7619158022696024
0.706120043439115
0.6557195292064874
0.6056586297380256
0.5574025127897149
0.5174435229775505
0.44159836376796896
0.9528710359851793
0.9649149825439249
0.9743063136032243
0.9843434771137974
0.9862522948627065
0.971801766087239
0.914843617200103
0.8555977446967306
0.7908722401051486
0.7320239194492965
0.6735131741621213
0.6170988511393308
0.5704144162302628
0.44178225184772224
1.0297821524904998
1.0520104653575546
1.0568809780843145
1.0635821126960063
1.0649005153741906
1.0623025249393188
1.0154182729707086
0.9512282189440106
0.8777046539701959
0.809996519678404
0.7424780500865324
0.677375354114048
0.6235262080802104
0.5690599710543253
1.1374377838317253
1.1503337311610222
1.1597539093549523
1.1688099762108108
1.1701182719183572
1.1579153671882931
1.0966690851750114
1.0121302785304471
0.9308417148699445
0.8488829001640805
0.7696669717196565
0.7041965701852727
0.6380633412143061
0.5801419722324394
1.2101413732381128
1.2229243069896136
1.2322346987081707
1.2399673395688944
1.2409791156902605
1.240131978887746
1.201479581483571
1.114173140498358
1.02347138078246
0.9303171026705439
0.839859969188637
0.7650930845641795
0.6896500816708686
0.6236793831472454
1.1764917459807833
1.0810481316392173
0.9810652067124546
0.883478643893134
0.8027671253982174
0.6502065296661591
1.2937913798060259
1.3161737868589596
1.3206023476677131
1.3169341067207054
1.2453853846815626
1.1465017478218973
1.0391137342098
0.9333290860484651
0.8456944308635145
0.7573638629796995
0.6801910608301865
1.3413034960729762
1.3613116654245798
1.3642411437504738
1.3246855405683826
1.226831878536009
1.1115862437877813
0.995546526877661
0.8991296067341623
0.8019528884932373
0.717132967351601
0.6353605167001642
1.3755277789532143
1.3928434198590067
1.3954524670537756
1.3771935031084808
1.2912211398380995
1.1712099495154573
1.0472278601376346
0.9434556025561586
0.8387930492210147
0.7474967552282755
0.6595972954237397
1.4227833993534045
1.4242463226923556
1.4203854072635944
1.406979571924211
1.3581630375520357
1.3170848342930521
1.2369054400200634
1.1047478878891084
0.9928183456074399
0.8796764199496324
0.7810406692308287
0.6862200139087222
1.4346467324967658
1.4475044217197401
1.4444320820843526
1.4176273580374188
1.3027235971788753
1.1638573532840932
1.0437485762188516
0.921814754750727
0.815487886017463
0.7133945164572055
1.4691118810349282
1.4672518678113904
1.4626598694543012
1.4410083528328113
1.428538289478222
1.3805489391177226
1.3174157674192795
1.2383822326814264
1.1087681676912897
0.9756855943739825
0.8593241954165423
0.7477857341777961
1.479501826405988
1.4767544775058896
1.4663517237639625
1.44238688578751
1.4091644750628147
1.3591165530343061
1.3081937787045521
1.171615392052014
1.0280402156149566
0.9020284154708624
0.781001295413313
0.7930835447794953
0.7901075029165773
0.8796124865536634
0.8904806395343972
0.8658006279269971
0.9657989615483801
0.9624321656122948
1.043931995816162
1.0099926434204585
1.1384759550880366
1.14236429261669
1.0917059845011508
1.2126047597917307
1.1909518137952697
1.2226642040388531
1.2437544057785053
1.2699011841486805
1.289602643015009
1.2376003570704632
1.3135134548680916
1.3315175819119442
1.3103048798779777
1.3582347242942547
1.3550991684023685
1.2841674819699345
1.3460355809556357
1.386962255787512
1.4090555043391293
1.396607321714541
1.2969063864422103
1.4242873388795825
1.3689755504164358
1.4199248033083398
1.3023359760505577
0.7275780559295942
0.7430635662018865
0.7897606816818274
0.8063485143661014
0.8163231668190755
0.8828913214096749
0.9007455053606249
0.9108715540421299
0.914593893526687
0.9114561599105407
0.9782482969494807
0.9965843674927751
1.0061774705570459
1.0087462255088253
1.0031440245468712
0.976163691799464
1.0439622889974558
1.0620570553880648
1.07117684177642
1.0728565034452908
1.072343491184781
1.0698199700243178
1.0650271692470925
1.0506640205638305
1.0328124318760903
1.105594365207625
1.1236184752990723
1.1313711983613417
1.1309523542002395
1.1272788733046721
1.1213028104782847
1.1038101200598853
1.0841072850233349
1.043650673008737
1.0024310642138363
0.9196366006782014
0.8813055863506988
0.8260718998271169
1.175381740622021
1.191727046338669
1.1976387005737894
1.1973284216272821
1.1944741106730996
1.1881058761634533
1.181700613023023
1.1602661248912933
1.137303063877725
1.0975606838293408
1.0442043444076008
1.0069196067068127
0.9520752224682176
0.9080373558404339
0.8481412409955561
1.213740616797376
1.228484145249374
1.2330339554521759
1.228050329041357
1.2217023012953323
1.2125733388334488
1.1886477988261368
1.163391566716652
1.113707614533015
1.0631304426998534
1.0228121666196468
0.9640738520935052
0.9186126485286763
0.8539427921185897
1.2540940286549296
1.266303261117575
1.2685506538037041
1.2607070506202218
1.241960900467313
1.1870013277993996
1.078246185331437
0.9712393106803157
0.8536149283122774
1.284391758089567
1.2885226699471823
1.2841748873019463
1.2696509140231842
1.2564586656614907
1.2272761290849958
1.195969932799837
1.1391235632583105
1.0810391615202413
1.0432144652857456
0.9683685115645572
0.9204884388356295
0.8462240146408782
1.2998670065282443
1.3065361641849627
1.3031974533644317
1.2892453096448053
1.2758984417515868
1.2647148763323341
1.2318105268151722
1.197515399703875
1.1316484560919575
1.0724513451364792
1.0195926190824907
0.9538178042450777
0.8964293944160893
0.8244129232165517
1.3056636545697702
1.3093670661413181
1.3036933015050374
1.287249485783987
1.2740496593775057
1.2581745374008553
1.2223188629599149
1.1877209882228932
1.1212553392880704
1.056740275362302
1.0159623816103744
0.9327157892249808
0.8753624393812928
0.7999055726085766
0.705108347406868
0.7215816626810061
0.7642281331819722
0.7818147810073779
0.7917654288305571
0.8524047026309586
0.8709613899042712
0.8807841225264663
0.8752766190348565
0.9417986600927896
0.9611765661109111
0.967537220082473
0.9698480977881707
0.9602286765552746
1.0033761454560197
1.0217502138511847
1.0271220112400508
1.0297035552976839
1.0266301638922855
1.0162207110542882
0.9886391439697664
0.9549719911025534
1.0602585119345194
1.0784105305306826
1.083170470878302
1.0847238232525611
1.0790731811171403
1.0668502643793907
1.0344566912381103
0.9973012471425152
0.9179469311524037
0.8255887494011258
1.123903764683689
1.1401526602232592
1.144004011801018
1.1439376174511697
1.1349856585688354
1.1196358562268653
1.0873453116914653
1.0390023634466434
0.9503664677179859
0.8476582663770313
1.1586597816728885
1.1728210253718172
1.1753435042296696
1.174502839928248
1.163242859391194
1.1456684469626446
1.10428566046371
1.0579415000236978
0.9623957288359419
1.1939618115630657
1.2056387762349983
1.2040317958869455
1.1693885105067623
1.07310765892105
0.9695984494831017
0.853161484152284
1.220004228921005
1.2233074337050116
1.2232182598195667
1.2189922727175557
1.202211354029824
1.1788103767444904
1.1299629989838806
1.076041334302739
0.9667912946204409
0.8457890341046086
1.2310514417388183
1.2363225370501234
1.2332460022672445
1.2282169996240675
1.2075123168755295
1.1809012464788444
1.1231933636251261
1.0677318100202082
0.9801996527164933
0.9523325361491769
0.8240129138547511
1.2332179933676939
1.2356337935118205
1.2314845665058198
1.2234824444949808
1.1993344818008385
1.17172568652521
1.1129534181155494
1.0522337152162455
0.9313266998590735
0.7995367978056124
