0.8058814349850049
0.8235544324848038
0.8117865963760456
0.7686975608981189
0.7176804102145449
0.672535637642206
0.6251283027869621
0.5825030835474676
0.5210760814475044
0.4313394768263799
0.8840933929585886
0.9108252730124962
0.9190041252910971
0.9198298637135208
0.8834063227573272
0.8260878019389525
0.7726244971973232
0.715715577125696
0.6643753970990854
0.6134316362303922
0.5642667309023468
0.5235796024483459
0.446151459240421
0.9657738422856443
0.9778324062957309
0.9872038337164409
0.9971484506833502
0.9990078227763819
0.9836997551617968
0.9254779495132373
0.8651736134144448
0.7994198777101926
0.7397109823302663
0.6803957861451126
0.623162933150508
0.5758245208982938
0.4448743764484426
1.0405814751381848
1.062697385268054
1.0675118555448821
1.0740557780080868
1.075257087021873
1.0724269343186983
1.024501527223754
0.9593805001871774
0.8849539065830098
0.8165183731864705
0.7483346883183785
0.6825311477430398
0.6281381484403472
0.573085926031477
1.1447613659208444
1.1575201077670276
1.1668051725322484
1.175641069801511
1.176878116237395
1.1641430010591483
1.10218617334335
1.0170263557809325
0.9352799450617815
0.8529330404228409
0.7732917808015597
0.7075096976129307
0.6410342141083005
0.5827296991955029
1.2147424053746052
1.2273519222890588
1.2364965156279155
1.2439740615133628
1.2449038070955
1.2439100620388603
1.204732484705117
1.1170369160449718
1.026129988787364
0.9328568452767356
0.84224210551138
0.767387925323955
0.6918344142938898
0.6256862938167344
1.1780043369050304
1.0825333556062893
0.9826200141514575
0.8850641538710368
0.8044101919180504
0.6518692747366308
1.2949456696720258
1.316793812051089
1.3209381121671298
1.3171188029668117
1.245292386063179
1.1465957045401365
1.0395071228690147
0.933986596895138
0.8466144974155185
0.7585272806034925
0.6814884181639618
1.3402201624424133
1.3597437261646683
1.3623917876843736
1.3226396372048221
1.2251362877026304
1.1103557682018168
0.9950242273709374
0.8991313276880748
0.8024572833288746
0.7180043406560598
0.6364576571796866
1.3727614370112566
1.38963220814089
1.39199609596831
1.3735950017056053
1.2880185773495423
1.168840022568578
1.045711043505181
0.9426932683303754
0.8387660580746004
0.7480361019531115
0.6605557055441718
1.4178680384135378
1.4191436325939555
1.415222470546423
1.4018247363812297
1.3533047418626099
1.312561308421984
1.2330942141012697
1.1020993596601265
0.9911935200102509
0.879062072724133
0.7812338924916046
0.6870453579459852
1.428581833347244
1.4410717325581965
1.4378168473489468
1.411166408463222
1.2973895458237048
1.160032827033348
1.0412414639785665
0.9205935922201581
0.8153164198463831
0.7141035024208862
1.4610983247772393
1.4591510705111808
1.4545768990960455
1.4331183250138473
1.4208019938360368
1.373454149322596
1.311083978649972
1.2330453683798908
1.1051156938841724
0.9736994539097775
0.8587948874714659
0.7483684315176468
1.4703134571690706
1.4675568811051907
1.457283427662146
1.4336386359404634
1.4008952965129877
1.3515870266996264
1.3013941185301956
1.1668435764437044
1.0253571132244297
0.9010450237211659
0.7814697138069635
0.8092927748231147
0.8056370564182597
0.8940498484333458
0.9047459837333149
0.8789878435119568
0.9782253601555584
0.9742509683988837
1.0539703593428564
1.019055666686701
1.1452567834086396
1.1486090915998264
1.0972317632912716
1.2165039273835914
1.1942554098256897
1.2255432312633836
1.245663423199138
1.2709106273342308
1.2900159203571937
1.237584045853714
1.3124443667623402
1.3298810794504896
1.3084106365658212
1.3552258265682613
1.3517653844876563
1.2810486106879053
1.3413375542376573
1.381501357247111
1.402957469687079
1.3904494129827518
1.2916530076717316
1.4167274848790092
1.362054360873889
1.411551000200007
1.29562274420191
0.7422969659143495
0.7579492851217201
0.8033675019365323
0.8200528017020843
0.8300154802032959
0.8943559752770128
0.9121986317845759
0.9222289751711694
0.9257773686299171
0.9223955189875288
0.9869540752581043
1.0051578685859401
1.0145939468336362
1.0169369954248864
1.0110803690768244
0.9835913398337067
1.0504432572651348
1.0683237570157986
1.077230226234322
1.0787771847404521
1.0781804828922747
1.0755359783130094
1.0706257046519132
1.0560373918013362
1.0379944437468496
1.1097304836771027
1.1274666703587335
1.134988579943059
1.134271056960088
1.1305732957169028
1.124501885679353
1.1068422010288617
1.0870262828533794
1.0464132057330706
1.0050988477188758
0.9221779909361258
0.8837885799314091
0.8284315516296381
1.1765491454745323
1.192571089744232
1.1982273144798632
1.1978193528326264
1.1948740755423308
1.1884302908968685
1.1820068877917997
1.1604913891110846
1.1375282465435435
1.0978385306413532
1.0446052213379526
1.0074221154838385
0.9527743430462016
0.9087631683732934
0.8490575426354584
1.2131042048231626
1.227503955746338
1.2318343712877633
1.2267040866560313
1.220306546462239
1.2111650323839374
1.1872815178573
1.1621005305224614
1.1126322071385613
1.0623344751159542
1.0221870218615143
0.9637233332666487
0.9185066969516713
0.8541985322960038
1.2513332462718914
1.2632450396471024
1.2652874881884824
1.257408750644741
1.2386975061753749
1.184071611358429
1.0761540340322862
0.9700156038949287
0.8533316465878955
1.280097224847884
1.283995097032455
1.279611197814213
1.2651539910468734
1.2520565883155506
1.2231340645206057
1.1921173802198928
1.1357995039550082
1.078292309826292
1.040833858585479
0.9667506411767791
0.9193701851127078
0.8458111061177548
1.2941109223108913
1.3005834512467238
1.2972048422357503
1.2833706055065182
1.2701753072133626
1.2591154202790407
1.2266137255902259
1.1926987026401534
1.127707681003993
1.0692663358800647
1.0171003431305843
0.9521232714391711
0.895427679775079
0.8242134840305606
1.2990883364738368
1.3026873683312836
1.2970249350957064
1.2807913577029677
1.2677620910348482
1.252075106563862
1.2167912156821334
1.182698390120752
1.1172073301703367
1.053635978441876
1.0134207392175387
0.9313505571207762
0.874715678487873
0.8001625225589616
0.7191207593030225
0.7357524984724102
0.7771569160186959
0.7948277678530071
0.8047290659835648
0.8632702534221244
0.8817909995298869
0.89148463162535
0.8854985848155369
0.9500526891980464
0.969259812410479
0.9755024121623139
0.9777178618547486
0.9676337969441656
1.009520293649847
1.027663968409942
1.0329074275621617
1.0353631661899796
1.0320501319422841
1.0214380107301728
0.9935470006853752
0.9596188905420086
1.064217161250283
1.0820583194602567
1.0866852753446081
1.0881086428351248
1.0822347255991165
1.0698617180545886
1.0372705080083389
0.9999985852346449
0.9204986430980946
0.8279515596340418
1.1251231339576984
1.1410205189065936
1.1447096663988081
1.1445706343732576
1.1354317549225068
1.120016202492281
1.0877133817999434
1.0394495565569286
0.9510203939962983
0.8485788822842047
1.158244205527287
1.1720574551801268
1.1744299771011826
1.1734964097691065
1.16214447259173
1.1445640951169043
1.1033090569144606
1.0571772146246339
0.9620623399687663
1.1916782833033017
1.203021336885802
1.2012409651073297
1.1666749004958064
1.071076268971725
0.9683932324991705
0.8528829097689025
1.2163237313063038
1.2195119137807335
1.219333537662521
1.2150958331607076
1.1984034782045327
1.175183563653666
1.1267563428636675
1.073356645638223
0.9651916621482587
0.8453805417585541
1.226197783400267
1.2312277409480197
1.2281239228656118
1.2231467770647975
1.202676314991752
1.1763143068292137
1.1193641565985195
1.0646061051783382
0.9781748569502964
0.9506544166318555
0.8238174286727856
1.2276374179763685
1.2299511939527634
1.2258277851560462
1.217903221879538
1.19411771108478
1.1669229229774891
1.1090124704868702
1.049183538676047
0.9299752220089914
0.7997962183730934
