0.7985702094397963
0.8165006694621504
0.806182711965856
0.7645171836086977
0.7148591372438807
0.6707889014651328
0.6244272070142854
0.5826915411139716
0.5224976914852084
0.43472563723321633
0.8798384746128076
0.9069702076188767
0.9154520781531515
0.9168719246863987
0.8818515545121827
0.8258374705283096
0.7733782246548551
0.717425828758401
0.666877393228172
0.6166726678012419
0.5682331966881956
0.5281650898936511
0.4521541447604997
0.9647699728945865
0.9770511529082719
0.9866519392494206
0.9969726782159756
0.998959941236022
0.9849458128478826
0.9279731472832083
0.8685659643624222
0.8036290606857551
0.7445694261417832
0.6858399472901084
0.6291738501235836
0.5823149421781779
0.45322160810849615
1.0430843458957904
1.0658091541171986
1.0708160016843977
1.0777768672022252
1.0792309671073235
1.0767931538164301
1.0300832900204835
0.9657365955166959
0.891944772432496
0.8239592756540316
0.7561530123514736
0.6907024946746206
0.636602659381681
0.5818854248411501
1.1528831368431725
1.1660780281525271
1.1757562176636078
1.1851503878593836
1.186557492875921
1.1747599746413562
1.113520417467281
1.028669911348026
0.9469934659664505
0.8646086226109361
0.7848964663072833
0.7190409024499805
0.6525097895778107
0.5942162728215267
1.227184924643284
1.2402890712481989
1.2498805840326321
1.257958166145131
1.259076761105159
1.2583903207040013
1.220015127919159
1.1324491647794468
1.0412906427589457
0.9475990696295278
0.8565203012463923
0.7812530210076473
0.7052864403768568
0.6388294815062702
1.1958250903918526
1.0998978537595525
0.9993098457103069
0.901019682616959
0.8197314632356489
0.6659914294253183
1.3129274342775932
1.3359699755466483
1.3407889825069235
1.3373129143596454
1.2658610509990744
1.1665161692028845
1.058451940524012
0.9518681547217388
0.8635657073385823
0.7745290190226131
0.6966880231061656
1.361682948500375
1.38238583116221
1.3857303667309626
1.346504928262425
1.24826425529544
1.1321433228531739
1.015316657818572
0.9181146565582238
0.8201020695997037
0.734489162299505
0.6519182784128089
1.3969331508902636
1.4148871322762757
1.4179040931776423
1.399952120432245
1.3137790213707314
1.193002292291232
1.068009710641597
0.9633508506615587
0.8577405489354388
0.7655438279083044
0.6767380570495941
1.445903173060049
1.4476904409564497
1.4439943335267766
1.4307349477326496
1.3818771871665392
1.3406019439075023
1.2598980942996914
1.1266387740574708
1.0137131310843488
0.8994951356913818
0.7998475275009449
0.7039848293550842
1.4581601373824746
1.4716239711204073
1.4689699604002526
1.4423490645859836
1.3269018892791875
1.1868725086320848
1.0656566961666885
0.9425141538894631
0.8350350913863065
0.7317769001338099
1.4943813487138213
1.4927722762022615
1.4883053283730632
1.4667748376884322
1.4543069294761826
1.4061021317385005
1.342530471590643
1.2627884336923394
1.1319443516177132
0.9974813386961529
0.8797891985966476
0.7669214388613366
1.5057139710064646
1.50317090352525
1.4929418005601254
1.4689769384836417
1.435637582164076
1.385245682983442
1.333871616459478
1.1959869368159979
1.0508747441479025
0.9233873021145658
0.8008344764865022
0.8026289609860338
0.8000705266763768
0.8905431470005507
0.9018021747913252
0.8774282418059279
0.9783489638992866
0.9754472795351385
1.0581668494380871
1.0245774955857005
1.1544591802716588
1.158976698746368
1.1084788976799418
1.2304461236220898
1.2093201247278629
1.2405121218839739
1.262968100311499
1.2889793963865934
1.3095453226882743
1.2579439564701367
1.3338237231518202
1.3526863204887751
1.3318799329246822
1.3800685569639353
1.3774812843762547
1.3065983201178646
1.3695317070277635
1.409865481692468
1.4329750789249522
1.4209521882006504
1.3209738328656178
1.4495042333433286
1.3943095926625317
1.4461083980190956
1.3278967910340114
0.7364540393659035
0.7522379944309774
0.7996895616685566
0.8166142321428518
0.826852673228612
0.894526492598872
0.9127715700935384
0.9231995171288113
0.9271660657159609
0.9242029681078221
0.991799580429505
1.010587389662146
1.0205150169060586
1.0233590540850714
1.0179408380511752
0.9910906149126661
1.0589665342811365
1.0775437526942326
1.0870287229309887
1.0888931117391967
1.088473060082277
1.086054923096208
1.0813459063182909
1.067073056646537
1.0492401461314462
1.1220881227959032
1.1406455184837885
1.1487582992980996
1.1485617362062015
1.145062398304132
1.1391558051652029
1.121743075087505
1.1020354361616587
1.0614665403311125
1.0200690284025615
0.9368302359791691
0.8982648338131225
0.8426273009394315
1.1937658361405294
1.210650997586959
1.2169468656734346
1.2167869409896546
1.214068777458061
1.2078105033145752
1.2014549390065814
1.180060288932917
1.1570570687273773
1.117152545348961
1.063510009217702
1.0259940951092572
0.9707492557112406
0.9263675196328035
0.8660242959345598
1.23330683817369
1.2485998056811327
1.2535257380790026
1.2488064522480546
1.2425461544544465
1.2334721470609342
1.209559566461712
1.1842260587755986
1.1342983415950176
1.0834051542129703
1.0427826412907883
0.9835655503239595
0.9377461890022194
0.8725387849795591
1.2750810899182978
1.287830915289025
1.290449183055726
1.2828397645019187
1.2641992319456448
1.2090869862370435
1.0995596115149886
0.9916557310386516
0.872951989856761
1.3067028394810407
1.3113573856923608
1.3071762053304592
1.2927800735104964
1.2796114833626249
1.2503490292334156
1.2188793045864748
1.161595011702364
1.1030308623814793
1.0648775316132608
0.9893381977048337
0.9409892598502173
0.8659678011129727
1.323224159993572
1.330375467718356
1.327333111603106
1.3135359818462686
1.300204510064111
1.288991968988507
1.2559094221980671
1.2213632936817707
1.1549564653262736
1.095210311843249
1.0418241301496087
0.9753591442714413
0.9173310908726978
0.844489881703964
1.329850575442029
1.3340117758680075
1.328553726777253
1.3121951320291143
1.2989689186622786
1.283027553665698
1.2469557190928968
1.2120864789381829
1.1450153990548795
1.0798375429017764
1.038626527586842
0.9544247173280281
0.8963839641889882
0.8199805214134925
0.7139182880420848
0.7307266316859506
0.7740778110336249
0.792042607856774
0.8023005641251817
0.863926587538455
0.8829223224500214
0.8930935335301411
0.8879572571936476
0.9551956604706234
0.9750829369583344
0.9816827541994287
0.9841411510890777
0.9749053659626123
1.0181957930103522
1.0370968416719366
1.0426902414939987
1.045465266782758
1.0426527467177649
1.032376587162276
1.0048506221260465
0.9711173728070894
1.0765181791489231
1.0952436500394407
1.1002362517434057
1.101975893778562
1.096591439397196
1.0844838373774943
1.0521104199383218
1.0148458991764229
0.9351078541157163
0.8421340806755931
1.1419833261856447
1.1588266889698469
1.1629503902026967
1.1630398345506205
1.1543342727532377
1.139072926626754
1.106717941735108
1.0582086032302154
0.9690057688013196
0.8655307363626871
1.1778741056621655
1.1926127847266583
1.1953627794768311
1.1947239577218898
1.1836930315304934
1.1661751647675571
1.1246964702518867
1.0781139794481487
0.9818522886156248
1.2145204709221278
1.226765447836028
1.2255698441039793
1.1911364616745288
1.094316259154995
0.9899792460386951
0.8724879248792103
1.2418221390362025
1.245449163007649
1.2454872403188397
1.24144130632665
1.224799772767973
1.2013818820308582
1.152248508469873
1.0979284066142985
0.9877258410990731
0.865522375828182
1.2538774741981746
1.2595926689484171
1.2567206461469589
1.2517774744404981
1.2311449349831896
1.2044105389300928
1.146323382796249
1.0903884932593226
1.0019951586600617
0.9738396633383117
0.8440798148583162
1.2567094426033136
1.2595608139556105
1.2555560049317687
1.2476371800364257
1.2235001542775499
1.1957577687112848
1.1365349952541204
1.0752311894276192
0.9530029611621087
0.8196024157215119
