0.7898168664480038
0.8073709972666344
0.7965734732639004
0.7549894039039868
0.7052695887117749
0.6612829921570663
0.6150196908171092
0.573375466709223
0.5133103723760605
0.4256704345985632
0.8695995062895426
0.8961976949571945
0.9044322538018156
0.9055649162899332
0.8703410771125567
0.8143947997776055
0.7620742618063073
0.7062899360890105
0.6559093245329554
0.6058743090446816
0.5575818066397044
0.517641460963275
0.44184953144107075
0.9528684585021027
0.9649046531604326
0.9742888291706525
0.9843152328702628
0.9862214271355085
0.9717470703152075
0.9147864782134519
0.8555561593961393
0.790860867576881
0.7320499175425993
0.6735768915735526
0.6171480533857644
0.5704964444735168
0.44197129451962763
1.0295247656448796
1.0517291781725344
1.0565931366784733
1.0632821835200592
1.0645954026662763
1.0619904727562475
1.0151121956933602
0.9509554259518362
0.877479742215081
0.8098350585017772
0.7423865315812342
0.6772793166146507
0.6234803918560751
0.569075337890355
1.1367775906505184
1.1496532968394695
1.1590576217752817
1.1680952058962317
1.1693992091540752
1.1571913381487424
1.0959965538329335
1.0115476065279536
0.9303569170505827
0.8485069284821058
0.7693269314013044
0.7039390577558576
0.6378988614533887
0.5800568092792231
1.2091758907039105
1.2219358888656815
1.231228071864185
1.2389407899896625
1.2399480474624873
1.2390971177407204
1.2004809789917505
1.1132876612789344
1.0227165279898693
0.9297058004965106
0.8393208742683566
0.7646650750175633
0.6893444722503477
0.6234762869957257
1.175410289043646
1.0801171464995292
0.9803009748570468
0.882811103872151
0.8022300856037423
0.649930211248467
1.2924410259026191
1.3147723840982286
1.319183772198522
1.3155168684235012
1.2440552531073594
1.1453633441905267
1.0381694720985033
0.9325112114897308
0.8450305295287235
0.756864501092307
0.679831084771037
1.3397171169717679
1.3596746734009728
1.3625896044649795
1.3230974566109965
1.225428644966281
1.1102801177670991
0.9945356385897328
0.8983042643012592
0.8013227903003707
0.7166688433539334
0.6350511822218785
1.3737597354367967
1.3910295499782521
1.3936259644100162
1.3753963133446858
1.28959672278665
1.1698381138368532
1.046054662513017
0.9424940828860451
0.8380536979607197
0.7469361364458931
0.6592239305302172
1.4207890581573226
1.42224409836398
1.4183874377546635
1.4050097316203964
1.3562979132969004
1.315308855654293
1.235341017195024
1.103387007441087
0.9917024587887312
0.8788144578365589
0.7803949012051533
0.6857761593056566
1.4325296818395135
1.4453480786483068
1.4422667686234993
1.4155346557090642
1.3009023572693807
1.1623018859273146
1.0424712993711176
0.920824580239156
0.8147379207185402
0.7128794460788618
1.4665693777899846
1.4649331725385615
1.4603394808088916
1.438749689359479
1.4263143619265133
1.3784466650245046
1.3154685156517347
1.236576037380366
1.1072824877956038
0.9744895461678831
0.8584334642721597
0.7470817375771684
1.4770570673315562
1.4743179398259
1.463941128423583
1.4400260540076584
1.4069063634809083
1.3569796126268432
1.3061460424084093
1.1699244211830686
1.0267261179708034
0.901032443934912
0.780309599588389
0.7935383310914199
0.7905347231889843
0.8798291084755576
0.8906850771844309
0.865977073905077
0.965767411168098
0.9623805469484633
1.0436320830950607
1.0096903727697921
1.1377926243737602
1.1416580981405329
1.091039249513758
1.2116098387031715
1.1899686083128695
1.2215512860707263
1.242580962405532
1.2685834167412866
1.2882348623002702
1.236284461342021
1.3119727959144678
1.329928624712209
1.3087456420757473
1.3564887615877934
1.353349613467374
1.2825581166887379
1.3441981621104475
1.3849579679682156
1.4069852517520232
1.3945655489658593
1.2950989743894548
1.4220728020329723
1.3669025375797021
1.4176393354752164
1.3003033475403356
0.7279855191414246
0.743474846512944
0.7900149908275091
0.8066004541562274
0.8165713960866559
0.8828757708449527
0.9007194606762635
0.9108359607922499
0.914550852676088
0.9114085042030595
0.977910296945473
0.9962254051613566
1.0058052643447248
1.0083654574995864
1.002762572564636
0.9757972180242976
1.0433732268905895
1.0614413226256874
1.0705451643214563
1.072219883381508
1.0717054749906436
1.0691816455570513
1.0643921698039644
1.050041233991115
1.0322082893006543
1.1047475418694466
1.1227394960712418
1.1304758668776165
1.1299821973158464
1.1263820549598096
1.1204129731910444
1.102942089972523
1.0832656015763809
1.0428652495202737
1.0017081215123156
0.9190413618601454
0.8807635184508166
0.8255424216068311
1.1742142035206995
1.1905256775653146
1.196420602541908
1.1961074128463054
1.19325855748662
1.1868993173203788
1.1805042927456049
1.1591095629859742
1.1361783195328667
1.096504983925899
1.0432511201384436
1.0060312246140897
0.9512520990469443
0.9072530741488145
0.8474729663774248
1.2123806091301517
1.227090786905006
1.231627724808363
1.22664945004446
1.2203114414663763
1.2111986173296603
1.187321346151821
1.1621131209678777
1.1125256700042045
1.0620494728082162
1.0217877611136132
0.963113550877381
0.9177487766143823
0.8532052960682508
1.2525145102548536
1.2646907722315988
1.2669279512638725
1.2591005867910066
1.2403927253289977
1.185554202394131
1.0769781160206453
0.9701929668318492
0.8528251237146188
1.2826457335847066
1.2867634712751628
1.2824245875245188
1.267934719617359
1.254770723253473
1.2256550892917226
1.1944187701187448
1.137653007551851
1.079688909788499
1.0419543499659274
0.9672796340313767
0.919513805101601
0.8454189099419391
1.2979709205483971
1.3046180761116828
1.3012890271884325
1.2873685331697151
1.2740580034556983
1.2628911814724735
1.2300308328684195
1.1957974058226668
1.1301019619393406
1.0710565940299603
1.018347074394577
0.9527178966534197
0.8954730275124865
0.8236342562816414
1.3036812922020997
1.3073970620514201
1.3017059541962408
1.285281438387933
1.272095287790514
1.2562313175111204
1.2204896517533785
1.1859866298558164
1.1196980491607789
1.0553513208574632
1.0146777959416176
0.9316723141555519
0.8744392966078207
0.7991678287591227
0.7054934712169675
0.7219704020204546
0.764466917973833
0.7820510572287098
0.7919980951859288
0.852388426709922
0.8709333857956782
0.8807474761934956
0.8752324193463998
0.9414796971725904
0.9608356045461539
0.9671877405804947
0.9694947610957747
0.9598758962810829
1.0028228336854628
1.0211709357284986
1.0265334187203763
1.0291097892798249
1.0260355503068528
1.0156360662849215
0.9880834751912881
0.9544550700453998
1.0594671424307092
1.0775871082933115
1.082338290895891
1.0838876146851988
1.0782414520995547
1.0660339031528883
1.0336847417475536
0.9965857991116095
0.917354139246464
0.8250599850609323
1.1228190301269756
1.139035162099863
1.1428770273760833
1.1428093529475232
1.133874261042975
1.1185427783738398
1.086307893807908
1.0380584609140895
0.9495463691533115
0.8469908352464316
1.1574024384479789
1.171530475496301
1.17404546579437
1.1732039831617425
1.1619667705256274
1.144425064842259
1.1031222394192643
1.0568706586334138
0.961438703743067
1.1925045663287666
1.2041454177655941
1.2025470925640045
1.1679797522835904
1.0718506350347496
0.9685555518198171
0.8523725990482497
1.2184049866414932
1.2217614201116285
1.2216109563953046
1.2173907381460967
1.2006484791505223
1.1772987948524387
1.1285133958634594
1.074702378617364
0.9657058813971504
0.844984844179733
1.2293830582960414
1.2345791067688638
1.2315072666963343
1.2264848366337462
1.2058117368846089
1.1792239495750507
1.121667249552054
1.0663482365450085
0.9790351453154332
0.951236011644381
0.8232349115858434
1.2314149968225547
1.2337996727208622
1.2296401333568026
1.2216308824003248
1.1975636576501905
1.1700315048260754
1.111416552166734
1.0508556138526846
0.9302863947208956
0.7987998359903978
