0.7706640426335455
0.7880529877740218
0.7783735178263909
0.7384062951176321
0.690705747586827
0.6483930371883013
0.6038558355113254
0.5637526946658361
0.5059866756423494
0.4214727719969739
0.8489183561499588
0.8751991782030193
0.883455614263067
0.884960052144107
0.8514894330263069
0.7977593963060772
0.7474093126285516
0.6936870593418262
0.6451432381910409
0.596954242149246
0.5504331618972889
0.5118969391784647
0.43865141932559865
0.9308024015496573
0.9426949413916539
0.952004216811701
0.9620455834992357
0.9639919105068133
0.9508154665915891
0.896263073674217
0.8392700817367647
0.7769537921868478
0.7202606471853334
0.6639100443657067
0.6094996264012734
0.5644530248842483
0.4400508813374461
1.0063385673354464
1.0283732613377154
1.033243784003967
1.0400558316131567
1.0415282685076004
1.039288772228939
0.9947074483836927
0.9330353492732393
0.8622541529548685
0.7970236263402923
0.731969902743074
0.669152380949215
0.6171652991543911
0.5645423207468607
1.1123459622457161
1.1251471062466007
1.1345595564240825
1.1437547820942964
1.145158704566244
1.1341379522182693
1.0756182529031098
0.9943145528848262
0.9159921505287626
0.8369820427436172
0.7605000615635217
0.6972461291029035
0.6332971389221784
0.5772096402541856
1.184182347839294
1.1969126221087258
1.2062604346118992
1.2142058419054214
1.2153451057577958
1.2147992723924161
1.178342359059432
1.0945438448232971
1.0071719806355008
0.9173436030401922
0.8299731211051324
0.7576985836791031
0.6847023840010403
0.6207403263637168
1.155733021728308
1.0638386735377827
0.9674161376017533
0.873138810149891
0.7950931556055466
0.6473245635996568
1.2672337435448668
1.2897331323829428
1.2946064528127632
1.2914384828593655
1.223361300627177
1.1282469961200912
1.0246818246378804
0.922462333937449
0.8376933885189475
0.7521611457935906
0.6773202553872055
1.3145764652815737
1.3348403739755592
1.3383471222346142
1.3012099628895308
1.207267773004899
1.0960278052155186
0.9840033531984183
0.890703574385276
0.796559630094136
0.7142575859662212
0.6347818168142596
1.3488816434860609
1.3664954298795409
1.3696938319967342
1.3528384031700305
1.270587534231927
1.1549396848824485
1.0351042666034622
0.9346568293604811
0.8332219311793105
0.7445970388395506
0.6591265100895951
1.3968182094342876
1.3988050652806008
1.3954297029936644
1.3829289269652025
1.3363816578577057
1.2969244762315293
1.2196798081180706
1.0919485894202139
0.9835784880346041
0.8738815262523556
0.7780992672695874
0.6858416249554158
1.4087591941106354
1.4221489305676704
1.4199375817660607
1.394778489150092
1.2844663696653589
1.1503295588526632
1.034017665894911
0.9157539529483353
0.8124344017713808
0.7130694351458569
1.4447256056957707
1.4433943593023366
1.4392639836298493
1.4189145308715032
1.4070456480220743
1.3611242467007005
1.3003040170369586
1.2238728892990705
1.0983498904198699
0.9691804067958528
0.8561457552365889
0.7474637748405559
1.4562771627146254
1.4540568843625163
1.4445051309968187
1.4218078568550838
1.3900661865144668
1.341888218375285
1.2926816012276277
1.1604529640527574
1.0211076422205039
0.8984118695796998
0.7806000362700334
0.7747198689092083
0.7724727765944865
0.85942171635668
0.8704177423400207
0.8472194641552072
0.9441711259042469
0.9416488335749335
1.021317412430497
0.9893925470032819
1.1141924674365011
1.1189059739150575
1.0707499039670547
1.187832971947562
1.1680158423425868
1.1973518913389816
1.2197450323886598
1.2443846017325373
1.2646311739875242
1.2157113607544499
1.2879618509349964
1.3066006682149638
1.2870788582938717
1.3331509877394894
1.3311260679097976
1.2636424782147655
1.324441466975194
1.3622676472096522
1.3851430820707746
1.3740847576269337
1.2787257729338015
1.4019796950471914
1.349704293223517
1.3996749725645374
1.2868868808379874
0.7109092945833201
0.726200139646545
0.7718911350070108
0.7882903405168595
0.7982398923101821
0.8633954329567725
0.8810868663329968
0.8912388487540532
0.895171811187175
0.8924318009256267
0.9573475222042425
0.9755888878975928
0.985284043940211
0.988169916678286
0.9830968203570122
0.9574915746743827
1.0223064323233306
1.0403673063104053
1.049663835848614
1.0515638531300255
1.0512213289646342
1.0489760550560197
1.0445282639104485
1.030943481512395
1.0139096707436466
1.0834466585392462
1.1015216375252053
1.1095173080735754
1.1095517567435331
1.1062564545579827
1.1006667959346974
1.0840860895772537
1.0652628636196504
1.0264414224362217
0.9867790372520118
0.9070123238197568
0.8700504237964897
0.8166332810674248
1.153043057031321
1.1695446188516114
1.1758318478637284
1.1757919481794246
1.1732807995284287
1.1674068843727483
1.161382168583571
1.1410019975527212
1.1190212166428697
1.080844103725337
1.0294716033979727
0.993564373632435
0.940570391974311
0.8979754393878926
0.8400018874798342
1.1915607480951602
1.2065595206016633
1.2115476219274681
1.2072558383487448
1.201362296276923
1.1927506583716205
1.1699497295454657
1.1457580390886986
1.0979894679110653
1.0492905177446115
1.0103274645473028
0.9535143385793838
0.9095409555558408
0.8469134256863813
1.2324926893616186
1.2449960154973372
1.2477843856117248
1.2407643784043767
1.2230915058695542
1.1704863807982537
1.0656167587073015
0.9619998669008332
0.8481159760848195
1.2635859034059709
1.2684764650117661
1.2646428015820521
1.2510862793934312
1.2385777184033897
1.210708199015659
1.1806353847161672
1.1257614125922804
1.0696153431860311
1.0330150962769664
0.9605091100534409
0.91407478780524
0.8420034622794598
1.2801709746179486
1.2874298528769093
1.2847929001247047
1.2719339023306295
1.2592878823456393
1.248609231820641
1.216994859334686
1.1839579192020697
1.120310532482395
1.0630286395629527
1.0117834749700783
0.9479432701972961
0.8921846913010674
0.8221302343071933
1.287256717099064
1.291676031874825
1.2867475315462449
1.2713184359442935
1.2587482147691442
1.2435541383644098
1.2090950910749172
1.1757190882621549
1.1114256991289801
1.0488747356034733
1.0092983687717687
0.9283909845133399
0.8725521890578984
0.7990516869814832
0.6892640941705066
0.705553312547757
0.7473017866721976
0.7647179808652758
0.7747093432687152
0.8340362906109242
0.8524685227103926
0.8624015081115681
0.857686026458308
0.9222442548345768
0.9415708369645182
0.9480263548219889
0.9504656813638349
0.941858688558836
0.9832216524996331
1.0016209266984704
1.007106282505915
1.0098808547947566
1.0073574801755731
0.9976187765823317
0.971343556904143
0.9390524003677114
1.0397678505885286
1.0580366460360104
1.0629619079704349
1.0647583697277079
1.059784657263389
1.0483005434354675
1.0173954623591293
0.9817268715902204
0.9053447383112333
0.8161551652512535
1.1034168402943614
1.1199048687123487
1.1240566751693377
1.1242534128718102
1.1161296656731283
1.1016287167445957
1.07077806052412
1.024339271448207
0.9388805812149997
0.8395228372279109
1.138438330734458
1.1529356503372634
1.1557363946906438
1.1552822481815759
1.1449295946656506
1.1282916970493118
1.0886930267108212
1.0441645177134868
0.9518524574808764
1.1744089455470548
1.1865231351821057
1.1857115552907798
1.1531035129286937
1.0605322850844856
0.9603714057337045
0.8476643778484496
1.2014004764595525
1.2049840941043353
1.2052768176171869
1.2016117950992757
1.1859589451528
1.1636787936958015
1.1166972056815199
1.0646631767216161
0.9589416109066807
0.8415694164917207
1.2136625819805693
1.2196731779286565
1.2171495851303167
1.2125395909448733
1.1929812733078269
1.1675194582817205
1.1119271677343383
1.0583422709490184
0.9735059632516545
0.9464635586439731
0.8217296755800475
1.2171225113740567
1.2202881615131365
1.2166474666992562
1.2092242135675872
1.1863296104664787
1.159862799581112
1.10318263795369
1.044392819511039
0.9270045124976818
0.7986817647107373
