0.7657549672800804
0.7829367553318989
0.7729950961385845
0.7330058410619251
0.6853430001301558
0.6430750166727169
0.5985912217285052
0.5585395512509346
0.5009180406371034
0.4165199562091739
0.8431908687427325
0.8691777911889692
0.8772984264221746
0.8786449011895512
0.8450622741974362
0.7913719795764331
0.7410948407018817
0.6874646600636666
0.6390121901775165
0.5909991485890418
0.5445671250957663
0.5061128269058635
0.4330253730409098
0.9241548836997141
0.935912913717879
0.9451027322715664
0.9549818082102141
0.9568829380813825
0.9434523406475209
0.88890517739597
0.8320077355744374
0.7698220905845462
0.7132635140187265
0.6571244048252665
0.6028629588770966
0.5579411411949393
0.4339042161859684
0.998767913554971
1.020515930135162
1.0253075141633197
1.031969809397254
1.0333631465841404
1.0310313632476305
0.9863543238428558
0.9247816184800668
0.854176616353144
0.7891259662595602
0.724347166158463
0.6617246454761996
0.6099124971808834
0.5574732717571286
1.1033438503137143
1.1159672041953341
1.1252285311980978
1.13422309228268
1.1355730557276071
1.124322892126883
1.0658182402047172
0.9847271645638759
0.9066686701691675
0.8280262520829644
0.7518406206414588
0.6888509041424737
0.6251813270650564
0.5693489674158967
1.174095111619488
1.1866353773626022
1.1958174533535055
1.2035580404762136
1.2046358133740622
1.203996858963419
1.1673958286610338
1.0837908662450368
0.9967357260767058
0.9073510902700316
0.8203635060702613
0.7484302518619358
0.6757980124353848
0.6121651882369457
1.1442559402680716
1.0527036786853634
0.9567713316152885
0.8629339194632631
0.7852808629913354
0.638311235115912
1.255745928291965
1.2778138530057683
1.2824649102464347
1.2791776900362888
1.2110759564504776
1.116308942918515
1.0132856833127724
0.911573166756252
0.8272586181944143
0.7422113711106266
0.6678111376177448
1.3021825405354945
1.3220235938818132
1.325283526430055
1.2879786203987824
1.1943349995739507
1.083688703507081
0.97225485645034
0.8794898354734477
0.7859176199534533
0.7041361725077416
0.6252075613343296
1.335764698286981
1.3529842768131906
1.355940800615774
1.3389167926955814
1.256848102351097
1.141814437047671
1.0226378102086346
0.9227942832306376
0.8220067414477052
0.733971282497464
0.6491204863747291
1.3825481742064283
1.3843259812935118
1.3808534764877025
1.368277968374407
1.321792877833357
1.2824841975223444
1.2056844222349368
1.078678461564564
0.9709896932333891
0.8620277692996658
0.7669144204114162
0.6753586419465181
1.3941181229652073
1.4071332450770981
1.4046678136685562
1.3794175212988604
1.2696286075980832
1.1362294778252078
1.0206775972588074
0.9032372761065356
0.8006755167877191
0.7021029704108839
1.4288246745252073
1.4273573546090004
1.42314177696451
1.4027497208912898
1.3907755289191421
1.345155406078031
1.2846821538778477
1.2087195723697521
1.0840451568127678
0.9558185874148916
0.8436029271280936
0.7358829495700719
1.4396507465807538
1.4373206960796456
1.4277095380533695
1.4050384358688277
1.3733808691803575
1.325444185797894
1.2765331880084765
1.1452112358823765
1.0069228468822293
0.8853581070929849
0.7684251210148142
0.769625669646762
0.767134999332216
0.8534328046888764
0.8642072879196251
0.8408249932040799
0.9371484259454632
0.9343583309317339
1.0132073399631587
0.9810856092078348
1.1048774312087886
1.1092286103723792
1.0609963206393325
1.1772827895886984
1.1571702659957102
1.1867123131071136
1.2082997378030231
1.2329101538449128
1.2526401340769033
1.2035074429741766
1.275624898149017
1.293746786603217
1.2740003424578628
1.319789821219718
1.3174427854360948
1.2499831297902044
1.30999267268304
1.3480345113052574
1.3702745510025458
1.3589678575898667
1.2639592996605038
1.3861584682453256
1.3338796791903307
1.3831761811038126
1.270816435005611
0.7061619297883247
0.7212893513802456
0.7664769386746471
0.7826877934642336
0.7924914418086589
0.8568877604116477
0.8743545217442082
0.8843351689575746
0.8881292250871202
0.8852898764366202
0.949583944047442
0.9675647096885304
0.9770684468732176
0.9797960238419375
0.9746188290403216
0.9489471960062584
1.0135733598011047
1.0313583218838887
1.0404420241693755
1.0422364479072341
1.041841049242827
1.0395362313487768
1.0350427141417866
1.0214125349836762
1.0043756789165605
1.0737187161330717
1.0914809451974914
1.0992633717750588
1.0991308539796165
1.0957773353733185
1.090146637145222
1.0735339689093346
1.0547257714840448
1.0159953343862933
0.9764564903684138
0.8970769983380034
0.8602645839029417
0.8070845302999287
1.1420252072179686
1.158203408566747
1.1642645082825176
1.164134029995223
1.1615473006545058
1.15561805204168
1.1495683661562348
1.129181008938218
1.1072430529658466
1.069180498522244
1.0180845293455392
0.9823358527036217
0.9296004211782088
0.8872216226536853
0.8295545270260701
1.1797247756787956
1.1943908990990402
1.1991572301850342
1.1947154625134047
1.1887759688861799
1.180141044050635
1.1573745377726903
1.1332228737305825
1.085703498311792
1.037219803842447
0.9984615037352039
0.9419484493456302
0.8982240471784457
0.8359699518409894
1.2196501060279135
1.2318279278486404
1.2344008731626865
1.2272285891181276
1.2095221769095237
1.1571483874676578
1.0527564650092405
0.9498708105248624
0.836612616911204
1.2498263880443377
1.2543936292973237
1.2504710620841797
1.2368836028049355
1.2243955474474215
1.1965917149340908
1.1666393300166467
1.1120524810384143
1.0562338468885535
1.0198600848592807
0.9478138198828213
0.9017182244758348
0.8301415070487933
1.2657995172069632
1.272603421102841
1.2697989125310867
1.2568442495297578
1.2441959557405105
1.2335395314071134
1.2020456981654333
1.1691779321369709
1.105900598685192
1.0490080950562943
0.9981384196634939
0.9347577049645708
0.8794150823883264
0.8099192314091951
1.2720924192899028
1.276225326314024
1.2711458834877798
1.2556616374339067
1.243105886832085
1.2279410816916196
1.1936549890795556
1.1604750454447927
1.0966044587895274
1.0345053229153052
0.9952285822699125
0.9149486881200501
0.8595950189551269
0.7866966513197361
0.6845404042852622
0.7006470907762262
0.741923146739212
0.759128598250679
0.7689489279869384
0.8275864364515295
0.8457704841984824
0.8555062944337524
0.8505818814663431
0.9145747773113664
0.9336074615184339
0.93992569118332
0.9422803687537923
0.933461271681263
0.974611716191289
0.9927045146361484
0.9980613721230113
1.000725116197339
0.9980551526743299
0.9882455176331282
0.9619545175215373
0.9297181440161352
1.0301945211895622
1.0481253507786867
1.052915545461336
1.054594918777132
1.0494821940769514
1.03794060708399
1.0070466817328576
0.9714602250972624
0.8954288627366693
0.8066123931675513
1.0926073129709364
1.108738813856006
1.1127320634856552
1.1128408659426523
1.1045824587561264
1.0900451061292014
1.05922991807681
1.0130158265365357
0.9279317216572326
0.829081885536169
1.1268457902757436
1.1409972001970703
1.1436604686086325
1.1430950233045114
1.1325993000313308
1.1159601503725431
1.0765184978200646
1.032156996858685
0.9403082329253116
1.1618684921713878
1.1736259996097955
1.1725857883092201
1.1399783275171187
1.0477379873368842
0.9482650083851559
0.8361676541354187
1.187989681629051
1.1914401885159862
1.1916377769867
1.1878851266475345
1.1721530220357343
1.1498990211785305
1.1031071063399098
1.051348445619879
0.9462687252133238
0.829714097822942
1.199621773808551
1.2052534316056243
1.2026022706476247
1.1979398817957616
1.1783501483315886
1.1529519715454308
1.0976335970228859
1.044388470094523
0.96014450648004
0.9333002887921678
0.8095251899044491
1.2024339745948
1.205310256654727
1.2015700419630342
1.1940786953393296
1.1712032106516843
1.1448405664621681
1.0884788261814429
1.0300897788828942
0.9136113629929772
0.7863329887412372
