0.7623391594406685
0.7794312960061488
0.7694963459548197
0.7296487322386419
0.6821729375427733
0.6400429664541536
0.5957247771841124
0.5558233946721904
0.49827295421982604
0.4143071509215335
0.8397906501841682
0.8656574963618179
0.873732540557999
0.8750495736630648
0.8415369313014518
0.7879895444352611
0.7378506175745286
0.6843751061757904
0.6360639643310662
0.5880800271456726
0.5417637160280352
0.5034559369244979
0.43075726542951687
0.9207210902629303
0.9324291414120995
0.9415769033430965
0.9514036871363764
0.9532931362455551
0.9398305145508515
0.8853631772131604
0.8285917487251653
0.7665419729198378
0.7101087238621753
0.6539909803921937
0.599826558032746
0.5550413986013379
0.4316272253158103
0.9953225256288498
1.0169758150459547
1.0217426723385625
1.0283590549682868
1.0297311764546964
1.027377661671449
0.982701327442753
0.921214598663821
0.8507148665798148
0.7857663345955677
0.7209901348410003
0.658447650938284
0.6067576652334769
0.5544752738322068
1.0998778732456964
1.1124492135233117
1.1216627822528407
1.1305988943125296
1.1319249171616677
1.1205930151397057
1.0620648335411056
0.9810132395773778
0.9030067863342071
0.8243275002570757
0.748186895435343
0.6852898934312363
0.6217471170782741
0.5660685161043272
1.170599828265986
1.1830809751162652
1.1922078414172697
1.1998797754557762
1.2009336467591092
1.2002568499469752
1.163548742526721
1.0799046474299412
0.9928561073519325
0.9033961705423036
0.8164201644943735
0.7445527617281154
0.6720187410458375
0.6085625847203002
1.1402912944253485
1.0486954533585444
0.9526608625560762
0.8588113234955287
0.781205999664876
0.6344344431033327
1.2521722869807006
1.2740950032570395
1.2786463980600136
1.2753026090845623
1.2070191080196035
1.112164262927063
1.0090028312502402
0.9072489035181597
0.8229596146212907
0.7379727036745523
0.6636724749621435
1.2985296503872823
1.3182193643610758
1.3213614093348418
1.2838447377214655
1.1900418402134139
1.079201801038238
0.967685826515735
0.8749167150897792
0.7813786728269534
0.6996758924248142
0.6208778850731037
1.3320274896596267
1.3490990490943238
1.3519293383923088
1.334741902570726
1.252448848475325
1.1371710951197602
1.0178745265137827
0.9180007679507152
0.8172253372688295
0.7292515946014595
0.6445167995914757
1.3785352554301342
1.3802072367851237
1.3766584042388248
1.3639738082749422
1.317309183283024
1.277908163895733
1.2008862150481965
1.0737128193384946
0.9659632216480606
0.856987929964552
0.7619183683178878
0.670464189650243
1.3901475057541035
1.4029297229991426
1.4003423109857014
1.3748983437896252
1.264699164834048
1.1310742391989916
1.015426737455836
0.897950596801312
0.7954228607032885
0.6969269242190469
1.4244562458078351
1.4228884223177547
1.4186071029594733
1.3980298700731735
1.386124250934019
1.3401546265899424
1.279450936292889
1.2033608683146877
1.0785418139555945
0.9502364253427561
0.8380286433732411
0.7303829802844968
1.435094332329313
1.432641175873842
1.4228538264299733
1.399967049204836
1.368140135664542
1.3200569215907183
1.2710336457566802
1.1395083357581668
1.0011068565487098
0.8795244607583936
0.7626567368166585
0.7661725283247528
0.7636622785067716
0.8499594260709235
0.8606677243709522
0.8373160677257984
0.9336104780155099
0.930767835989818
1.0096081893530824
0.9774494684675507
1.1013094463896038
1.105539947090255
1.0572571191891635
1.1736086441992784
1.1533507088872736
1.1831849836952404
1.2044640382993748
1.2292908139514263
1.2488283797977875
1.1994716725957035
1.2719225168754085
1.2898333715235282
1.2699035142094284
1.3158631567671661
1.3133228883475199
1.2456049419015645
1.3055433416984679
1.344091238162661
1.366037917814706
1.354507186599947
1.2590503168374645
1.3816024144477657
1.3289179366671193
1.3781783798567273
1.2653415157233643
0.7029826959194359
0.7180342457820044
0.7632484135760735
0.7793839788263269
0.7891344841438389
0.8536002341856613
0.8709883282721496
0.8809147510068364
0.8846717393708375
0.8818142191708336
0.9462372347937016
0.9641325088580353
0.9735752749314487
0.9762563252080627
0.9710520523307248
0.9453692924474478
1.010175812180798
1.027865479604934
1.0368812029898944
1.038637863298207
1.0382238243256234
1.035898374056351
1.0313867470210067
1.0177336754630775
1.0006880296580754
1.0702394213552857
1.0879032906794712
1.095607573659425
1.0953809701615331
1.0920234225259666
1.086376175325594
1.0697201422178728
1.0508887924624446
1.0121358605150828
0.9726008142931498
0.8931167237129888
0.8562942612229684
0.8031523964679123
1.1384075414359764
1.1544710128401134
1.1604364641765583
1.1602663993938445
1.1576508221229318
1.1516568798877165
1.1455788348607114
1.1251320045113367
1.1031570157011346
1.065052020271619
1.0138371423111916
0.9780239462962584
0.925282224226618
0.8829060068635122
0.8253073862858519
1.1759858451873353
1.190526655896281
1.1951854896397656
1.190643674856512
1.1846500048573816
1.1759757924163308
1.153130555408528
1.1289397054322545
1.0812656690003735
1.0326908980462957
0.9939103432448579
0.9373824706021855
0.8936540417574294
0.8314214457549697
1.2156523668389376
1.2277594392163413
1.2302176940028997
1.2229288835860528
1.2051041666438425
1.152451521972508
1.0479332737323472
0.9449634669000989
0.8316996605537599
1.2456444520707917
1.2500276095773377
1.2460140534056663
1.2322457733501238
1.2196755195118787
1.1917279343761142
1.1616893734363778
1.1070115396023503
1.0511264501611095
1.0147237862482261
0.9426527747109026
0.8965274147707866
0.8249564878961523
1.26122247918669
1.267993902267566
1.2650504436625303
1.2518556167658772
1.2391265679731451
1.2284159788897504
1.1968294988852406
1.1638586401425377
1.10050269862833
1.043507631736934
0.9925790049432276
0.9291844934942579
0.8738374754869638
0.8043613352314584
1.267391852517479
1.2713089411487344
1.2660675845072964
1.2504282173727321
1.2377930020080883
1.2225739333546566
1.188151379082757
1.154882524781698
1.0909036031247037
1.028735523955492
0.9894292874584314
0.9091251067530356
0.85377570892292
0.7809143212914884
0.681441088955662
0.6974661124137963
0.738768755329983
0.7558921511202846
0.7656564488524621
0.8243617966753913
0.842459829693728
0.8521345947167764
0.8471710220178759
0.9112695594815691
0.9302090009666287
0.9364843744909687
0.9388140783588079
0.9299331303876648
0.9712353869208962
0.9892280927135466
0.99454378855969
0.9971699815664065
0.9944467431051455
0.9846079790326453
0.9582926083581943
0.9260630887286098
1.026724040208443
1.0445419977382095
1.0492822996096345
1.0509262415927612
1.0457398656693968
1.0341552916476615
1.00321642104255
0.9676217966890478
0.8914750672999698
0.8026823810452067
1.0889705139353203
1.1049877644256436
1.1088945369257435
1.1089585461273683
1.1006089438189213
1.086014345044969
1.0551355722911622
1.0087845048418065
0.9236207525395839
0.824837121901444
1.1230722247151548
1.1370799270039926
1.1396756867053919
1.1390424049148729
1.1284764276605788
1.1117354655635139
1.0721147482172033
1.0276485167089404
0.9357499737382806
1.1578671055562824
1.1694856768134723
1.1682892761955486
1.1353456928387262
1.0429371169677204
0.9433661949683532
0.8312575802241139
1.183733420414491
1.187166845537388
1.1871790160601607
1.183294739362926
1.1673821084059282
1.145016662544064
1.0981060395145554
1.0462649971720075
0.9411167294033969
0.8245321894896772
1.1950593221299353
1.2004575567887497
1.1976929277404609
1.1929592576533845
1.1732171357091488
1.1477072665101606
1.0922781242963016
1.0389141656161003
0.9545937256432349
0.9277370933735659
0.803970698133052
1.1976196490575173
1.2002833173514327
1.196433959197117
1.1888572571812128
1.165806433178768
1.1393273712035537
1.0828240329506014
1.024347753132022
0.9077709170161994
0.7805542079709272
