0.7841185334529572
0.8021364061087083
0.7933541133267376
0.7535801237590567
0.705919942103977
0.6635617221702774
0.618978695384773
0.5788318227587945
0.5209311853881211
0.43649529046589486
0.8650135271910923
0.8921875047839141
0.9008659447155513
0.9028806293849808
0.8698486137634086
0.8161268399946521
0.7656347263461357
0.7117325590558751
0.6630101827092093
0.6146025032991325
0.5678730716672352
0.529223412550928
0.4558793865819073
0.9498214729048707
0.9621278994288189
0.9718004995389979
0.982345334706722
0.9844343956559265
0.9720882925923822
0.9175920318467241
0.8603985049311119
0.7977592632998839
0.7407367632416207
0.6839999321086316
0.6292188285294844
0.5839117230612034
0.4589991564715561
1.0282727738447
1.051189011400838
1.0563027677504049
1.063578951265731
1.0652969664133645
1.0633506812261717
1.019096066250126
0.957178499864004
0.8859267282918853
0.8201874869719261
0.7545656709788092
0.6911687380614686
0.6387462474803403
0.5856982268436722
1.1387259748072778
1.15207240131115
1.161947290981415
1.1717615769288234
1.1733234806934036
1.1629977342766376
1.1044216872693042
1.0224566744037196
0.9433368304585831
0.8634184996849854
0.7860022867783638
0.7219986106971659
0.6572854423901658
0.6005351951270632
1.21385240820777
1.2271605956204361
1.2370051512243758
1.2455684694383233
1.2468882022756358
1.246622461186518
1.2105525187523312
1.1260959172577087
1.0377177158427815
0.9466975141316802
0.858086890949837
0.7847911284212875
0.7107449264057376
0.6458455567211716
1.1893804484844588
1.0963672515425062
0.9985739472821221
0.9028541168681331
0.8236066088518258
0.6734796884120149
1.3010143987206488
1.3247857747134137
1.330334740111219
1.327466223897288
1.259305175346062
1.1630195214205965
1.0578870569104768
0.9539866208253295
0.8677997578938723
0.7807944371609702
0.7046252488377426
1.3509085469077446
1.3723997056972517
1.3765947500769826
1.3398066076768906
1.2447808948470116
1.1317587326236709
1.0177505601739685
0.9227515765098362
0.8268343200468903
0.7429284098757898
0.6618617106569751
1.3871884292615453
1.4059131142618377
1.4097890113612765
1.393312273886932
1.3102759734122307
1.192731153749574
1.0706679307106117
0.9682819773473421
0.8648146717817569
0.7743489626889556
0.6870471882165311
1.4382262003441928
1.4407304551304987
1.4375936592289384
1.4252290188244088
1.378314491066089
1.3382944910030736
1.2597114318268843
1.1295025104480205
1.018924471915501
0.9068988665897041
0.8090051057851141
0.7146408379199906
1.4509493867906997
1.465344945666952
1.4637327260756694
1.4386786315213815
1.3267456939345088
1.1898904070788061
1.071097960401776
0.9501896234234026
0.8444834879072993
0.7427198789587536
1.489864708076292
1.4888894194703997
1.4848852393199987
1.4645486145567783
1.4525787053405628
1.4059262731047077
1.3439250469423862
1.2659072621001057
1.1375842176808517
1.0053722110848236
0.8895242106377935
0.7781257267736286
1.5028714607969424
1.500913833292143
1.491484280587406
1.4685839941497496
1.4363070119256134
1.3872163542512514
1.336969991542829
1.2017067438274156
1.0589516402666082
0.9332516955353856
0.8121761768074669
0.7887725925751536
0.7873373363948357
0.8763402797599602
0.8880315790869041
0.8654820987801627
0.9643678524048892
0.9627039930254024
1.0449330525650926
1.013641015632733
1.1415289552061567
1.1473447128624168
1.0994116442899975
1.2188147006515966
1.1999179481673587
1.2286363799197126
1.2533974422524499
1.2780798858559954
1.299838596630668
1.2514095371684357
1.3240677005512902
1.3441816580607613
1.325217099943154
1.3720732248395247
1.3708894562008531
1.3030946889600816
1.3659670460111013
1.40321493247525
1.4277688236961035
1.4172782296472155
1.3208014537273836
1.44669318576079
1.3941034460585744
1.4456497290508963
1.330965909844866
0.7240181639648784
0.7397984333613585
0.7871160431720737
0.804085955855492
0.8144879099092408
0.8820743232133385
0.9004544917760096
0.9111387976226716
0.915509532420476
0.9130902818890952
0.9799400611647792
0.9989802010869251
1.0092692238110061
1.012645180599743
1.0078967797623308
0.98251287409271
1.0478405071267323
1.0667644967210652
1.0767077183379448
1.078927828515693
1.0787456922709078
1.0766814834194758
1.0723719294019187
1.0589231030734598
1.04189387968672
1.1119622290779088
1.1309799163918446
1.1396169485932082
1.140121020658749
1.1370162113360136
1.1315483196004994
1.1150387645981181
1.0961564596299196
1.057037793407313
1.0169635593006796
0.9361734438552425
0.8986926453468481
0.8445459836969511
1.185262463184955
1.2027144375866148
1.209657885951411
1.2098667743230775
1.2075802829217739
1.2018445523285177
1.1958745376463076
1.1754763413840603
1.1533373869106263
1.1147390047791428
1.0626605333528305
1.0261707959059527
0.9723555162093485
0.9290755940784556
0.8701305016257315
1.2260268035269954
1.24197987234003
1.2475922509659343
1.2437002139347673
1.237917179846457
1.229348522295472
1.2064533010281904
1.1820112134843896
1.1335903656493733
1.0840834899822382
1.0444836307075964
0.9866823987423119
0.9419159042814027
0.8781311891361862
1.2695823841117304
1.2829876242972873
1.2863635155249922
1.2796688421864122
1.2620374118584639
1.2088290695347998
1.10214459523291
0.996649953286659
0.8803198249019863
1.302956188567322
1.308662443175634
1.305051637979616
1.2916010017905666
1.2790012468179004
1.2507611378159145
1.2202206585648083
1.1643712533839385
1.107126866417934
1.069771944314584
0.9957235799088358
0.9482767615008137
0.8745824840153362
1.321245191073898
1.3292292006215285
1.326966860785581
1.3141712977597009
1.3014388277758835
1.2906364811996962
1.2585331649091127
1.2248937825735233
1.1599184967959988
1.1013798975915012
1.048944168169284
0.9836063494498404
0.9264815321885882
0.8546781957836034
1.32948460898061
1.3344941726083408
1.3298579599006937
1.3144214137432957
1.3017110879942275
1.2862711666223021
1.2512025577355215
1.2171341957632251
1.1513972908041687
1.087345922054926
1.0468073079178442
0.9638424816852171
0.9065716671136662
0.8310969703929983
0.7023568838827003
0.7191984583498507
0.7624696020005198
0.7805267130897788
0.7910523516586011
0.8525750005568012
0.8717720532959428
0.8823185359759094
0.8782794617592884
0.9445623217269887
0.9647965320150278
0.9716751037335514
0.9743746892929492
0.9664392841546053
1.0083958411884295
1.0277287397870345
1.033606036073545
1.0367179868758338
1.03463963127711
1.025113104074777
0.9988862566627409
0.9664296689947945
1.0677903424910873
1.0870747857991965
1.0924035163855583
1.094531870209143
1.0899785739241281
1.0786564082909997
1.0476971372331707
1.0117424992404034
0.9344471909638955
0.8440499684210716
1.134950848748014
1.152490816040977
1.1570922224542188
1.1575375369013985
1.1497816631812938
1.1353619181638654
1.1043281726807606
1.0573475790610714
0.9706033817833698
0.8696327346611531
1.1720918604627315
1.1875820919546927
1.1907703105217669
1.1906223616301659
1.1805802486357821
1.1639420899139594
1.12396560155072
1.0787723552159851
0.9849578571796783
1.210506589758694
1.2235714795635175
1.2233617031570823
1.1908283766768977
1.096871774197176
0.9949589728466948
0.8798499145066788
1.2396128931890729
1.2436987387772087
1.2441836671664026
1.2407293832440065
1.2251271070959935
1.2026508119122585
1.1549729025112914
1.1019886639371217
0.9940949913740735
0.8741307966877948
1.2533249657634413
1.2600491264516727
1.257788945869997
1.2532681663774428
1.2336460085762306
1.2078418546131386
1.1512220032627432
1.0965158011236626
1.0097476761784323
0.9820688377799184
0.8542614857916988
1.2577515115194842
1.261558207650905
1.2580914052176468
1.2507002167975543
1.2276045467271017
1.2006934897974357
1.1428463088496008
1.0826945241711021
0.9624023806945781
0.830712444184929
