0.7905189359910476
0.8080961230144033
0.7972932637509393
0.7555318469759853
0.7058586203956615
0.6617875327790748
0.6154154491654896
0.573653362778964
0.5133926430746779
0.42533082947784645
0.8703776932135441
0.8970121908016553
0.9052598796696839
0.9064004442348688
0.8711418964058246
0.8151232447814893
0.7627179758381886
0.7068232189819817
0.6563230584864489
0.6061437049489773
0.5577556904319277
0.5176465129243899
0.4414233196962543
0.953734552112944
0.9657882745306846
0.9751869482348368
0.9852311920957171
0.9871415497531388
0.9726685663747854
0.9156475828441407
0.8563362921241858
0.7915326407987961
0.7326031387470223
0.6739910427227696
0.6174660364255703
0.5706490728003127
0.44144682471713154
1.0304747064390678
1.0527166346952024
1.0575901918185395
1.0642955633562317
1.0656158603710835
1.0630163371505867
1.0161063253475087
0.9518781128416985
0.8782987860024937
0.8105396908844023
0.7429478789340455
0.6777572295292753
0.6237986082489771
0.5692001544764499
1.1378506600248643
1.150751752608515
1.1601769136289084
1.1692410670344187
1.1705518383694158
1.1583634649953656
1.0971316192599103
1.0125948522785762
0.9313013878831063
0.8493189546676044
0.7700640270110004
0.7045280391282379
0.6383097988704571
0.5802793453567292
1.2103345259502811
1.2231238229199854
1.2324411535052386
1.240183747386878
1.2411997236885715
1.2403618142397117
1.2017546551268872
1.1145002949062048
1.0238379543073697
0.9307057115944958
0.8402539993268145
0.7654602215112393
0.6899742326033682
0.6239317442637233
1.1767128235451936
1.0813409265581175
0.9814112934457911
0.8838604653583066
0.8031479658535914
0.6505245965201147
1.2936894072108578
1.31609754664908
1.3205485144164406
1.316901259736235
1.245446385926216
1.1466925401812438
1.0393960358952274
0.9336842756616254
0.8460796379348313
0.7577647323027943
0.6805744827911581
1.3410174320275334
1.361049843838165
1.3640124162391685
1.3245849318286989
1.22686551078738
1.111630663359738
0.9958440216398278
0.8994981762409766
0.8023781312400063
0.71756874866514
0.6357901165454848
1.3750860346090428
1.392427918015984
1.3950877325327282
1.3768904674085167
1.2910960268244633
1.171270469031984
1.047454472964051
0.9437872714895786
0.839216590559554
0.7479601779182726
0.6600865749039292
1.4221923225957738
1.423698888018536
1.4198684642361252
1.4065185641919042
1.3578290492613199
1.3168355917582197
1.2368341492350452
1.1048606869404523
0.9930787077352793
0.880068695293388
0.7815180507977545
0.6867460642419335
1.4338514095987047
1.4467469250413425
1.4437356643320034
1.4170429721841062
1.302376914966839
1.1638142748074503
1.0438970291656429
0.9221360567863949
0.8159099150789143
0.7139210001824403
1.468124202503582
1.4663062733743237
1.4617372283751353
1.4401893440374525
1.427759859664009
1.3799069761053495
1.3169473489545314
1.2380712250018453
1.1087059362291292
0.9758103722604259
0.85963927127906
0.7482466992996604
1.478272158396271
1.4755663560581236
1.4652260071886696
1.441353096413813
1.4082415781715758
1.358374085526661
1.3075378946309895
1.1712637012075664
1.0279753325392358
0.9021793943022288
0.781315955586579
0.7942520454662524
0.7912484776669465
0.8806310420489087
0.8915047694146263
0.8667742585813928
0.9666685567505178
0.9632913952577744
1.04463580001013
1.0106777920661738
1.138903633720598
1.1428091351938252
1.0921672450790487
1.2128350225618085
1.1912263144919408
1.2227411008731424
1.2438945243468056
1.2698380781895766
1.2895758112064861
1.23766202354312
1.3132713646494893
1.3313213201692022
1.310207316122712
1.3578878334957976
1.3548041266207373
1.2840433364497665
1.3457052718762614
1.3862263257870993
1.4083811287684211
1.3960333766109154
1.2965607544085507
1.4234416047113514
1.3683386713854278
1.41892330345011
1.3016821016119249
0.7286353148821447
0.7441415254647458
0.7907278659205894
0.8073326272336829
0.8173151673118053
0.8836936763884551
0.9015573054252861
0.9116886772173203
0.9154102894288897
0.9122662504152723
0.9788364634108491
0.9971826836908997
1.006780824469662
1.009353294669983
1.0037503474162377
0.9767600712732528
1.0443832602221013
1.0624878033757603
1.0716160320938963
1.0733010933155305
1.0727907583761027
1.0702702479905906
1.0654807960360002
1.0511223494307012
1.033274089634186
1.1058393294111597
1.1238758861580134
1.1316408652260388
1.1311669638456383
1.1275719811025107
1.1216044843390176
1.1041274507663712
1.0844393709819171
1.044003803620348
1.0028010513691838
0.9200452884933389
0.8817289087061038
0.826447936987659
1.1753988986774244
1.1917628071112167
1.197695127766113
1.197397205600248
1.1945581619522003
1.1882093299352263
1.1818179350986167
1.1604218753263316
1.1374815815734607
1.0977823887478442
1.0444805952708163
1.007225432215711
0.9524496782495881
0.9083879661140656
0.8484732976423711
1.2136117512384321
1.228379143669911
1.232958615929253
1.228010720632727
1.2216822196858432
1.2125770503602087
1.1886957574600987
1.1634861782738268
1.1138694042525745
1.0633787373893393
1.0231209949463762
0.9643809380562413
0.9189663972034308
0.8543294583033217
1.2537705680432152
1.2660181375130866
1.2683033696626203
1.260509015623149
1.2418237203357878
1.1869823225544067
1.0784135395897647
0.9715325019285899
0.8540301276611678
1.2839448876482042
1.2881342969122638
1.2838230373932176
1.2693516256256925
1.2562107739812496
1.2270987446904067
1.1958850457827495
1.1391377294553457
1.0811352320544785
1.0433743082328997
0.9686203182363151
0.9208230127714253
0.8466442708422479
1.2991655645384803
1.305876420855415
1.3025962540514309
1.288721494047999
1.2754403533449783
1.264309562307446
1.2314629607364915
1.1972368986142474
1.1314724388582609
1.0724442483049774
1.0196992809344527
0.9540155549252611
0.8967158332592171
0.824803008187374
1.3047548045912012
1.3085449831667633
1.3029307323569845
1.2865713274696051
1.2733979614065014
1.2575393424388428
1.221804856522451
1.1873029596015239
1.1209917566025323
1.0566110109941427
1.0159105689052808
0.9328102129651389
0.8755512534828502
0.8001967059109303
0.7061222840688353
0.7226152829017285
0.7651561629865036
0.7827589271935362
0.7927150879619315
0.8531746727414513
0.871743099202293
0.8815701905279156
0.8760472773563035
0.942374459468502
0.9617626101495514
0.9681269338485113
0.9704396041570761
0.9608178512508381
1.003800059680509
1.0221853819548614
1.027561777626612
1.0301481839105626
1.0270819432741174
1.0166775462340802
0.9890990257193497
0.9554308867915852
1.0605245376944956
1.0786909167262895
1.0834594384857803
1.085021461788273
1.0793869351118948
1.0671792663258877
1.0348076033515472
0.9976696612229157
0.918354865690632
0.8259644770652526
1.123968364927501
1.1402402025195124
1.1441089625803795
1.1440553321077367
1.1351398817065883
1.1198124480541447
1.0875650000659023
1.03927700151064
0.9507399273603004
0.8479899065591091
1.1585983041164127
1.1727885284647868
1.1753204463336961
1.1745088134290513
1.1632904544842655
1.1457614174334332
1.104445285386482
1.0581878599526833
0.9627016647135457
1.1937523692166465
1.2054496967937092
1.2038985563798414
1.1693677790601118
1.073272609667943
0.9698901584748061
0.8535759820660377
1.21967020030066
1.2230017054758728
1.2229372810664412
1.2187477867044259
1.2020344144446244
1.1787235819328017
1.1299742312829961
1.0761346733437156
0.9670414494142452
0.8462084835557331
1.230539030201299
1.2358162201403207
1.2327965000480374
1.2278185570024378
1.2071866479747442
1.1806211680485654
1.1230271488454353
1.0677216933064895
0.9803509880371295
0.9525283710107022
0.8244021777518532
1.2324946012428228
1.2349781751275413
1.2308484529249906
1.2228596377170673
1.1988234601076284
1.1713072873877373
1.1126858941740352
1.0521016018228746
0.9314192198464275
0.7998270009494425
