0.7702486193070537
0.7876180323302794
0.7779102229451768
0.7379343142692264
0.6902436148992793
0.6479097503475818
0.6033671568661911
0.5632561127339893
0.5053823093771079
0.42083862804394356
0.8485003921026327
0.8747565115169951
0.8830004202888693
0.8844881360455854
0.8509950492612478
0.7972503067325425
0.7468899606771561
0.6931574054541528
0.6446016936529074
0.5963604577110746
0.5497755092184299
0.5112226681476993
0.43795036494590034
0.930369559234204
0.9422517211382201
0.9515515534020121
0.9615785912491807
0.9635207260229903
0.9503095169449186
0.8957188242846101
0.8387230799779919
0.7763898281825629
0.7196802684450797
0.6632685559037539
0.6087966345223692
0.5637318996846931
0.43929468945765454
1.005891707196909
1.0279044996181321
1.032769582886214
1.0395667678441833
1.0410306601516959
1.0387789125537892
0.9941484291364463
0.9324622493728527
0.8616632046414742
0.7964065330471503
0.7312979449083902
0.6684062440101092
0.6163993201928217
0.56375855661267
1.1118731154230872
1.1246613262746248
1.1340620525236267
1.1432388066085912
1.144636908170039
1.1335801105019707
1.0750157657928818
0.9936785996265709
0.9153227543202164
0.836250835561805
0.759692176058868
0.6964156502056595
0.6324468280635503
0.5763425824698314
1.1836817123714973
1.1964002163138074
1.2057345023953878
1.2136605161826208
1.214792663473928
1.21423344992321
1.1777258547872294
1.0938780160664416
1.006467056660348
0.9165708600478735
0.8291211999324214
0.7568217834580736
0.6838063750471659
0.61982380679824
1.1550619429725648
1.0631131526254376
0.9666190067046644
0.8722604209073201
0.7941884770413816
0.6463781653088242
1.2666926960105873
1.289157334146234
1.2940123564176513
1.2908180867406687
1.2226682589307747
1.1274989808423646
1.0238581387190104
0.9215550688360054
0.8367579581928253
0.7512039693617223
0.6763404177513584
1.3140017672184579
1.3342298251974571
1.3377057210559626
1.30050533434
1.2064988951473261
1.0951729354083428
0.9830610979015726
0.889730689016612
0.7955629575911506
0.7132368805168872
0.6337621274894457
1.3482764776645206
1.3658528978285844
1.3690229768292834
1.3521232007438087
1.2698003943761165
1.1540606108976155
1.0341339972047745
0.9336538271459963
0.8321935065305489
0.7435430183960989
0.6580752126447492
1.3961374288168458
1.3980983401144318
1.394703695812738
1.3821753581966454
1.3355790164350332
1.2960921639661276
1.2187758539824651
1.090948313688697
0.9825425732045651
0.8728189051252007
0.7770086751737368
0.6847540493760101
1.408072892447665
1.4214239980401666
1.4191715871447785
1.3939645408964019
1.2835758140786169
1.149299617666236
1.0329495871187384
0.9146529896443711
0.8113068347849711
0.711947978355647
1.4439329345685004
1.4425812989403775
1.4384255503336905
1.4180483329179654
1.4061749985262515
1.360129933135698
1.299266209926475
1.2228074239998254
1.0972405389985862
0.9680361207723199
0.8549203994502061
0.7462981542630731
1.4554243937828153
1.4531858221314735
1.4436020653215502
1.420852878842778
1.3890260669280896
1.3408164836505647
1.2915852022000172
1.1593061851388025
1.0199258238612652
0.897348054410618
0.7793931065284017
0.7742857202807084
0.7720129509238578
0.8589782797451332
0.869953153809023
0.8467274041097522
0.9437019093779694
0.9411472804495014
1.0208151988295537
0.9888361415142386
1.1136819541107017
1.1183542474658508
1.070149717723944
1.1872769235957152
1.1674037189915414
1.1968396505028396
1.2191307401525038
1.243823516607734
1.2640205565479732
1.2150218066104188
1.2873666814049036
1.3059535469678938
1.286380230056518
1.3324932950520076
1.3304196519267015
1.2628588411648745
1.32364453079747
1.3615791208680905
1.3843911554025679
1.3732801671312511
1.2778384115076264
1.4011419695865688
1.3487167086656127
1.398706422312081
1.2857943645522965
0.7105041792928081
0.7257792395198087
0.7714701889479056
0.7878529132043516
0.7977892193645179
0.8629507376423644
0.8806234841678686
0.890759990627001
0.8946784067695744
0.8919250477608076
0.9568713025259995
0.9750919665328959
0.9847707982252191
0.9876366620458238
0.9825478866585141
0.9569167831558192
1.0218024407977802
1.0398401025739545
1.0491172128682105
1.0510045031955513
1.0506547952681198
1.048400118910608
1.0439430384760302
1.030340998027027
1.0132939333919417
1.0829092870508226
1.1009582829109616
1.1089327789041394
1.10891975663302
1.1056377173823546
1.1000383362035497
1.0834386461998204
1.064598830614658
1.0257516413902499
0.9860715338473564
0.9062212372862294
0.8692085169953128
0.8157723359512434
1.15245273947408
1.168926379388263
1.1751883206196343
1.1751352358533764
1.172615498520295
1.166723659410321
1.160688944146353
1.140285142998543
1.11828591389189
1.0800832444020099
1.0286674303612762
0.9926858924969741
0.9396723384121363
0.8970597224961382
0.8391148454597515
1.190930071522376
1.2059005267763074
1.2108613701280868
1.2065418117290228
1.2006350531903953
1.192008325165306
1.169196187357316
1.1449732380495459
1.097159756492141
1.0483714311449792
1.0094032902827348
0.952562166943313
0.9085744232214364
0.8459286264442791
1.231805531764662
1.2442763156947032
1.2470331204388774
1.2399969713733314
1.2222848053816722
1.169630728108532
1.0646315772968749
0.9610946457767326
0.847068223256265
1.2628310473110513
1.2676797511952074
1.263827666049428
1.2502373695919895
1.237698286182882
1.2097528945510978
1.179646127507831
1.124751661916549
1.0685803814209496
1.0319648085433868
0.9594345208581085
0.9129940544762711
0.8408899570586578
1.2793566961116423
1.2865694788248392
1.2838750823457263
1.270943366310499
1.2582792276349615
1.2475877066734657
1.215952573748142
1.1828979713667684
1.1192086386234419
1.0619141962989316
1.0106645170601054
0.9468002575844794
0.8909940271830161
0.8209563096699426
1.2863293558670776
1.29067905948507
1.285723382077353
1.2702693911222855
1.2576826567872368
1.2424573350132129
1.2079874007271458
1.1745970019641307
1.1102752104742442
1.0477031212283978
1.0081177581107903
0.927179597331649
0.8713575818893545
0.797824046265428
0.6888578599184338
0.7051296673243099
0.7468784433560406
0.7642754209356963
0.7742508974827096
0.833584878259047
0.8519962456458375
0.861910093385125
0.8571663102189754
0.9217578901645107
0.9410590520065579
0.947501599542412
0.9499324094894463
0.9412937322567586
0.9827033818325641
1.0010765513669067
1.00654951616965
1.0093119121721854
1.006766621931877
0.997011494104685
0.9707103783199384
0.9384008781484134
1.039212717241879
1.0574521520529323
1.0623629931512073
1.064141330408864
1.0591493477463128
1.0476454399851907
1.016710903574766
0.9810225247744515
0.904554917142021
0.8152946628550966
1.1028044582877512
1.1192752569940587
1.1233940028222118
1.1235782685374238
1.1154257773669332
1.1009030183684412
1.0700232751074439
1.0235385070917147
0.937983895743639
0.8386362280154743
1.137784085679597
1.1522473008115792
1.155032050253986
1.1545589252970265
1.1441890248825723
1.127516970652748
1.0878693108149577
1.0432491205828802
0.950901686651675
1.173696112845322
1.1857746775578908
1.1849250566985305
1.1522582906899688
1.059550986947377
0.9594679568292744
0.8466171082760846
1.2006179937457904
1.2042767341333442
1.2044573543128936
1.2007536599234565
1.1850192220380258
1.1627008519792932
1.115694065018465
1.063632167981095
0.9578685137622132
0.8404564169988553
1.2128409116061407
1.2187147003016834
1.2161631012730927
1.2115415963846174
1.1919553224851274
1.166462428434831
1.1108320666235392
1.0572319032392634
0.972371465976517
0.945322071425713
0.8205562774863866
1.2161405657958602
1.2192717997742308
1.215609816518496
1.2081537336284909
1.1852386316033996
1.15875291016514
1.1020391864790087
1.0432254075188208
0.9257947001827538
0.7974546531049994
