0.765157368984165
0.782321964486046
0.7723762539048967
0.7324077785481532
0.6847837629371217
0.6425228868222068
0.5980614533194886
0.5580291443890607
0.5002655932322914
0.4158747091633159
0.8425932433476616
0.8685574918577046
0.8766685077421604
0.8780079716716056
0.8444333348250095
0.7907602895125145
0.7405036898934002
0.6868934015249977
0.6384591955583936
0.5903395968306299
0.5438735016836485
0.5054190514501756
0.43233413910627233
0.9235482686062422
0.9352969571701335
0.9444784992400401
0.9543474787332106
0.9562472930724294
0.9428062363639444
0.8882561147667953
0.8313858228719766
0.7692164725828251
0.7126739066977241
0.6564325118964965
0.6021297542642522
0.5572076040978937
0.4331800705311848
0.9981572835906951
1.019887188616496
1.0246738520806997
1.0313267008262441
1.032716722478527
1.030379659178187
0.9856876670220135
0.9241352656652219
0.8535392172232406
0.7885015901584742
0.7236193590783172
0.6609550370819455
0.609142203380357
0.5567034594466774
1.102728499127432
1.1153438907468292
1.12459491852609
1.1335829737614451
1.1349233977374897
1.1236565290304659
1.065144337242584
0.9840569819091829
0.9059985351371294
0.8272501180731014
0.7510219008880503
0.6880300839690577
0.6243604147852736
0.5685349941380253
1.1734762667482048
1.1860047341568423
1.1951771116640757
1.202905168612921
1.2039773452220313
1.2033316741222706
1.1667115209588994
1.0830952582754063
0.996036409512692
0.9065432270492536
0.819511658583043
0.7475749002590069
0.6749421388260584
0.6113171290341045
1.1435604425435497
1.0519879008881694
0.9559458528076974
0.862062958354723
0.7844055289673102
0.6374434449231982
1.2550549269449927
1.2771593257703053
1.281791961402815
1.2784976653291835
1.2103634527990388
1.1155778453470861
1.0124420469835393
0.9106822509722167
0.8263616576411804
0.7413123181535713
0.6669220173139115
1.301542992080341
1.3213606928736568
1.3246012424898306
1.287281725962385
1.1935916935438162
1.0828250677010158
0.9713408405984876
0.8785677885670984
0.7849920419225761
0.7032132871106033
0.6242932324882744
1.335114475920577
1.3523121900886987
1.3552483753451114
1.3381983969522622
1.2560940854495795
1.140936640945295
1.021706286998773
0.921852699033402
0.8210604562616485
0.7330272885529815
0.6481854559852357
1.3818566393252358
1.3836238570801087
1.3801410994694117
1.3675469757400354
1.3210340456541998
1.281709025138836
1.2048229272236992
1.0777293453689323
0.9700279232365305
0.8610598384895323
0.7659486062916351
0.6744018838592789
1.393439986273918
1.4063757720927874
1.4039354876324366
1.3786617023803927
1.268691941300068
1.135264170609083
1.0196967751678772
0.9022475544512627
0.7996882286496897
0.7011249970742396
1.4280771263382261
1.4266122488498931
1.4223876807466251
1.4019655577390615
1.3901094334108077
1.3442459487454468
1.283712429402774
1.2077369951156192
1.0830419428329985
0.9548039181017847
0.8425870128944781
0.7348798634673211
1.4388946696219334
1.4365385265652268
1.42685551801358
1.4041317653524172
1.3724182789526136
1.324463235494501
1.2755383077747677
1.1441895242797886
1.005886370813959
0.8843232610429218
0.7673999061982953
0.7690191324818159
0.7665208074629526
0.8528196422250994
0.8635803495151686
0.8401990270913527
0.9365196191464212
0.9337178994789674
1.0125654873683063
0.9804220860786096
1.1042420749848276
1.1085696243186727
1.060324980059631
1.1766291468844166
1.156490786311195
1.186087085935299
1.2076215834072854
1.232272220642151
1.2519706553631142
1.2028202012183096
1.2749782451028724
1.293066140906216
1.2733091483785672
1.319110566997111
1.3167327932571524
1.2492323219643775
1.3092382503219404
1.3473584509149301
1.369554597412421
1.358220147668472
1.2630256608463963
1.3854012012882186
1.3329754235684153
1.38227870267895
1.269824591958659
0.7056017708819535
0.7207156032634079
0.7659061996528744
0.7821040385166192
0.7918957500749632
0.8563027748622445
0.8737554868122658
0.8837247835021429
0.8875108850746735
0.8846666249839391
0.9489869836632168
0.9669506724828947
0.9764417711105751
0.9791598644166942
0.9739774182037867
0.9482990497193962
1.0129713690850182
1.030733238480489
1.0398052148005525
1.041591615078651
1.0411924818155487
1.0388837524309706
1.0343867443723929
1.0207503900828618
1.003711651522766
1.0730990136414362
1.0908410397176158
1.0986125823408692
1.0984416239170633
1.0951078224159918
1.089480573404419
1.0728531724446386
1.0540389950042484
1.0152981148764644
0.9757626836071986
0.8962539921127061
0.8594104724133449
0.8062355540980424
1.1413873529490592
1.1575467444599665
1.1635896837087387
1.163455444716804
1.1608765280436442
1.1549208375757365
1.1488666696076288
1.1284705758300595
1.106520125536892
1.0684514809156478
1.0172636594669329
0.9814532521364686
0.9287130296253764
0.8863285882779716
0.8286570044363111
1.1790699817899213
1.193718187877641
1.198466525100766
1.1940065085796492
1.188050729076753
1.1794120808104698
1.1566236826880945
1.1324771752131657
1.0848606767631652
1.0363266715667845
0.9975532690367339
0.941031662377511
0.8973041116405738
0.8350409759621461
1.2188554526494915
1.2311322408815641
1.2336923923672518
1.2265094005567914
1.2087668683392248
1.156270605345843
1.0518412522010274
0.9489201337169806
0.8356549115421799
1.2491120467143468
1.2536558426675288
1.2497154780540942
1.2360530050591372
1.2235250402364728
1.1956702105731947
1.165694961047712
1.1110997577349253
1.0552691517926036
1.0188916491585978
0.9468506015810346
0.9007383331890431
0.8291618903652673
1.2648620091652583
1.271780223872266
1.2689791769612542
1.2559084951245403
1.2432509724588892
1.2325855195167117
1.2010798037889179
1.1681981836851651
1.1049030342361392
1.048005148666485
0.9971271989188759
0.9337439814287672
0.8783978142948898
0.8089071351577306
1.2712150087283942
1.2752981527550162
1.2702003717941275
1.2547007834202195
1.2421343861179543
1.2269570955638418
1.1926572023558886
1.1594738853279811
1.0955819502896174
1.0334749233266736
0.9941946383822321
0.9139143616480577
0.8585591974161022
0.7856689400940333
0.6839939154773068
0.7000847062734172
0.7413638750544352
0.7585539534645844
0.7683630391115194
0.8270117602118
0.8451729234126395
0.8549020121909499
0.8499657628263936
0.9139822418072681
0.932997035248167
0.9393068863650248
0.9416572833370469
0.9328222367210064
0.9740080173358279
0.9920812804671486
0.9974305477629649
1.0000873400047683
0.9974060890139199
0.9875907243134684
0.9612876157633216
0.9290504624851249
1.029576281442877
1.0474862997928471
1.052267223707355
1.0539466487425038
1.0488139673503967
1.0372629128746818
1.006354639471726
0.9707694717565643
0.8946071040027764
0.8057638235687256
1.0919643987961756
1.108090870722496
1.1120562249784651
1.1121569613003297
1.1038843255526818
1.0893314213885297
1.0585065877988546
1.01219526745762
0.9270455924033326
0.828184775029324
1.1261865499712531
1.1403127983359416
1.142971926774048
1.142384024787681
1.1319027599978597
1.1152238309707398
1.0756812444287012
1.0312672713719377
0.9393926907194902
1.161160168147526
1.172917295713698
1.1718489471316504
1.1391102443124106
1.0468259924151269
0.9473155662845864
0.8352103507701177
1.1872624281602855
1.1907128514354053
1.190854411096476
1.1870336874884815
1.1712450835838268
1.1489643207581497
1.102159975569395
1.0503870607278503
0.9453066889820253
0.8287348837566519
1.1987737393801134
1.2043435809122516
1.2016735220431056
1.1970045072373925
1.1773975078107455
1.151981810331034
1.096641443346841
1.0433887731039808
0.9591341142017087
0.9322877682708608
0.8085134509600266
1.2015214924308455
1.2043750248134244
1.2006203825465767
1.1931133130212472
1.1702184511987759
1.1438492006590906
1.0874630385202124
1.0290626165877605
0.9125508416448201
0.785305655933473
