0.7888059780197428
0.8063266586569872
0.7954906955202572
0.7537651811434285
0.7041387110143424
0.6601063291384194
0.6137703974731453
0.5720347481035164
0.5117797630722923
0.4237033571365343
0.8686058208043371
0.8951659251489615
0.9033822724521638
0.904493273015447
0.8692372068260628
0.8132585418758722
0.7608879129193759
0.7050295960371707
0.6545569141920696
0.604400184907099
0.5559697399089869
0.5158730626640055
0.43966286760090534
0.9518790695494711
0.9639013157602121
0.9732731525104839
0.9832816153729075
0.9851817664102501
0.970665996027979
0.91366345216725
0.854383884536591
0.7896181778691149
0.7307125001289416
0.6721204271342782
0.6155579757931882
0.5687558502097652
0.4395873710897196
1.0285501150558245
1.0507305701801797
1.0555875469619576
1.0622621167429722
1.0635661406648367
1.0609486837271058
1.0140228478037647
0.9498149819552295
0.8762709211026316
0.8085324804343967
0.7409691192597754
0.6757346591775988
0.6217931113547316
0.5672076040414412
1.135829516555078
1.1486953068614287
1.1580921236344637
1.1671159643520435
1.16841570787196
1.1561755083456304
1.0949280050333037
1.0104080412172318
0.9291333037991096
0.8471769702922932
0.7678816598281524
0.7023657004978496
0.6361652668335093
0.578151069528035
1.2082458420192883
1.2210012130770318
1.230285304483347
1.2379879765325041
1.2389909142304587
1.2381319374503186
1.1994734190947625
1.1122127234710883
1.021562033419175
0.9284522328145219
0.8379619301025902
0.7631898300213664
0.6877239327805031
0.621707657678181
1.1743735670222184
1.079004603249107
0.9790940381879668
0.8815050434244874
0.8008150208271844
0.6482364808391821
1.291518837998942
1.3138451051493507
1.3182488469522837
1.3145735396789586
1.2430568329403897
1.1442937957130046
1.0370111879347963
0.9312609005754581
0.8436793581914809
0.7553889234936575
0.6782232921488979
1.338786828591465
1.3587434754119008
1.3616534260493067
1.3221306680289666
1.2243997926284382
1.1091701610385938
0.9933424076685523
0.8970199323466463
0.7999270979342078
0.7151531297209756
0.6334187204982582
1.3728095331490648
1.3900818355479598
1.3926762711370981
1.3744339263802021
1.2885854098260876
1.1687529338714886
1.0448934955700055
0.9412493405308721
0.8367077558594049
0.7454898629184447
0.6576647585412212
1.4197965372466657
1.4212597782377088
1.4174019723966294
1.4040171406147939
1.3552828439638103
1.31427362081625
1.2342322580025875
1.1022400428681083
0.9904800261999575
0.8775006508157878
0.7789919527899666
0.6842733551715015
1.431475634400232
1.4443018428109946
1.4412309583172336
1.4144802237352219
1.2997974804954433
1.1611393007078639
1.0412416092818195
0.9195146448690041
0.8134506493498429
0.7114010606992608
1.4656190635939292
1.4637644008647197
1.4591820612678184
1.4375787912495583
1.4251398105198925
1.3772531875824157
1.3142506203347442
1.2353391592916396
1.1059883332724325
0.9731270560819463
0.8570043505744593
0.7456748756441693
1.475715642058412
1.4729769088684517
1.462614978752672
1.4386796828298731
1.4055482034022437
1.3556058741579056
1.3047665942081672
1.1684977542497177
1.0252406282330326
0.8994976159883532
0.7787032927074687
0.7925037807466778
0.7894596550398608
0.8788034015283215
0.8896283302040626
0.8648788709353175
0.9647339994397378
0.9613071835670914
1.0426012764345414
1.0086046181739403
1.1368187406309613
1.1406473632107694
1.0899725606624768
1.2106478519375294
1.1889624881807916
1.2206201020121283
1.2416079296706
1.2676508011750245
1.2872883639705193
1.2352851364042208
1.311030044341293
1.328979832005244
1.3077750910456205
1.3555264739208852
1.35237941219498
1.2815440229615722
1.3431773680771772
1.383883537314681
1.4059237162666276
1.3935003860372492
1.2939905775703744
1.4208893821447812
1.365702254500598
1.4162819527795485
1.2989202906276431
0.7270212318152307
0.7424802060179426
0.7890394975553012
0.8055953062536974
0.8155415869596919
0.8818956781760325
0.899710158068748
0.9098028679919534
0.9134943481408525
0.910330013655916
0.976934191399441
0.9952249742524805
1.00478229672047
1.0073194933974037
1.0016935299213754
0.9746840092398619
1.0424044533125008
1.0604514876213342
1.069535761431479
1.0711971617347966
1.0706747360206275
1.0681402720620397
1.063338478259855
1.048963990524276
1.0311078310848438
1.103783982686515
1.1217596604649018
1.129480174689432
1.1289676536595659
1.1253566774892525
1.1193763975315787
1.101881212623061
1.0821826968591461
1.041739712657215
1.000538520887756
0.91777789668188
0.8794500246228056
0.8241669591429396
1.1732454920589224
1.1895479027304576
1.195432608528276
1.1951143211307789
1.192255128850222
1.1858856711007428
1.1794828260080328
1.1580652573033936
1.1351141589081892
1.095402990487107
1.042097119763023
1.0048464404082569
0.9500718424288146
0.9059792992587755
0.8460764507573533
1.2113947702031351
1.2261003004593212
1.230630745557426
1.2256414655963304
1.2192955212058092
1.2101740458902301
1.1862759865111105
1.1610483386823771
1.1114219650922568
1.0609226459561207
1.0206053853996102
0.9618956656194413
0.916471609278262
0.851874733261982
1.2514293534261371
1.263660080961562
1.2658940173530724
1.2580689508761125
1.2393394357170204
1.1844658892341888
1.0758268172751053
0.9689649227587714
0.8514935477601198
1.2815544204301834
1.2856738793724558
1.2813334576791107
1.2668235866306152
1.2536673146972372
1.2245371768470767
1.1932826735347257
1.136495678575698
1.078501610117071
1.0407146550219806
0.966020559081164
0.9182175091858447
0.8440650339992775
1.2967249716061413
1.3033804459714955
1.3000509610306579
1.2861304391236907
1.2728106275132398
1.2616448369459519
1.2287646093271078
1.1945426710880114
1.1287846394819219
1.0697414198909376
1.0169893421301388
0.9513413292554463
0.8940647257476
0.8221838138061399
1.3022692918565306
1.3059904206675543
1.3002978367275977
1.2838748409082312
1.2706912892095588
1.2548420295732317
1.2190757862302888
1.184558728081856
1.1182452701466687
1.0538753509870307
1.0131854628595176
0.9301159767554646
0.8728818421848491
0.7975720885116312
0.7045353217385681
0.7209768280435711
0.763493912589682
0.7810423314171844
0.7909567227046038
0.851403569980149
0.8699137487747756
0.8796956416473458
0.8741279721127253
0.9404920744605461
0.9598164580804341
0.9661509299947306
0.9684452036724581
0.9587728249706409
1.0018365640938254
1.0201581874923449
1.0255075477755065
1.0280692663197724
1.024967736988525
1.0145424658817124
0.9869470511178977
0.9532755728194915
1.0584811230833593
1.0765801343017798
1.0813195263863267
1.0828567269319342
1.0771847348731909
1.0649541021565478
1.032561073565388
0.9954173751199439
0.9160911442214932
0.8236846834761765
1.1218223538398757
1.1380253975217118
1.1418582180289671
1.1417834859717773
1.1328269960958015
1.1174765537358078
1.085206134857477
1.0369037991490013
0.9483657187620539
0.845594247766898
1.1563856868292508
1.1705074152582562
1.1730089588894301
1.1721686788569174
1.160913990934958
1.1433548844290462
1.102015438891681
1.05574199241929
0.9602200829406977
1.1914434657077957
1.203080113829727
1.2014760169527263
1.1668823005051412
1.0706960962380754
0.9673262185082636
0.8510405465992027
1.2172793283348111
1.2206379420376559
1.2204839471775144
1.2162654564989268
1.1995150519104407
1.1761514727785105
1.127349417832994
1.0735110238328185
0.9644451808279089
0.8436303615537462
1.2281025003688797
1.2333073064514384
1.2302365066443306
1.2252143014011578
1.2045494528782341
1.1779564939129352
1.1203425958631728
1.0650284110746926
0.9776714957890362
0.949857533768642
0.8217838933894632
1.2299682928874855
1.2323629303078258
1.2282102627199751
1.2202167681914726
1.196133927014588
1.1685917296491364
1.109956625251213
1.049375154246334
0.9287281987129805
0.7972033716157262
